																					
																					
																					
	Rapportperiode: 01-01-2016  -  01-05-2017							Ejby Mølle Renseanlæg													
																					
	Forklaringstankene 1 - 7 Flow: januar 2016																				
																					
																					
																					
																					
		Tilløb	Tilløb	FK 1	FK 2				FK 3	FK 4	FK 5	FK 6	FK 7	Total		Jern		Polymer	Humus	Elforbrug	
		"Forklaring
MF1"	"Forklaring
MF2"	Flow	Flow				Flow	Flow	Flow	Flow	Flow	flow forklaring		dosering forklaring		Dosering	Slam	"Forklarings
tanke"	
Dato		m³	m³	m³	m³				m³	m³	m³	m³	m³	m³		liter		"Kg
"	m³	kWh	
01 jan  fre		40500	48800	9700	12060				15380	14740	15510	12590	12340	89300		1257		28	1744	975	
02 jan  lør		36100	44500	8720	10750				14020	13400	13940	11330	11170	80600		1256		13	1692	1372	
03 jan  søn		34300	42700	8370	10280				13430	12800	13290	10780	10600	77000		1259		28	1697	1379	
04 jan  man		35700	46000	8960	15810				17160	14610	14070	13720	13570	81700		1260		4	2977	1326	
05 jan  tir		25900	33500	6860	8440				10750	9760	9650	8020	7820	59400		1000		20	1456	85	
06 jan  ons		26700	36800	7690	8800				11420	10280	10080	8390	8390	63500		1256		0	1693	0	
07 jan  tor		25800	36000	7880	8710				11030	9910	9650	8080	8090	61800		1256		2	1662	0	
08 jan  fre		37500	50800	9920	12210				15840	14560	14620	11940	11600	88300		1461		31	1964	0	
09 jan  lør		25900	36400	8000	8960				11060	10020	9810	8220	8060	62300		1520		0	1606	0	
10 jan  søn		34700	46400	9390	11390				14490	12980	13050	10840	10750	81100		1522		34	1658	0	
11 jan  man		26000	37200	7640	8730				11030	10030	10090	8500	8580	63200		1524		1	1607	0	
12 jan  tir		45300	59000	11880	14620				18680	16560	16630	13890	14060	104300		1523		32	1704	0	
13 jan  ons		43900	57400	11590	14010				17740	16050	16220	13610	13920	101300		1521		39	1756	0	
14 jan  tor		39100	52000	10040	12400				15730	14610	15080	12520	12590	91100		1520		34	1756	0	
15 jan  fre		28900	41400	7700	9380				12030	11310	11890	9710	9760	70300		1523		412	1619	0	
16 jan  lør		25600	38000	7200	8580				11010	10240	10550	8750	8720	63600		1523		33	1514	0	
17 jan  søn		23900	36400	6810	8190				10520	9670	9870	8230	8250	60300		1523		33	1493	0	
18 jan  man		25800	38600	8210	9120				11300	10120	9970	8480	8480	64400		1523		33	1466	0	
19 jan  tir		24200	36900	7960	8690				10670	9580	9470	8060	8050	61100		1522		32	1528	0	
20 jan  ons		21000	33000	6300	7230				9230	8640	9100	7440	7390	54000		1523		31	1545	0	
21 jan  tor		20000	31600	6480	7200				8970	8310	8220	7050	6850	51600		1524		31	1551	0	
22 jan  fre		21100	32800	6310	7320				9240	8820	9090	7490	7260	53900		1524		30	1559	0	
23 jan  lør		33200	46500	9740	11310				14030	12580	12600	10680	10410	79700		1522		31	1575	0	
24 jan  søn		46800	61600	12420	15250				19290	17150	17250	14640	14520	108400		1526		32	1688	0	
25 jan  man		34900	48300	12120	18200				14750	13310	17040	14100	14540	83200		1526		33	2550	0	
26 jan  tir		36300	50000	10050	12290				15110	13750	13720	11790	11520	86300		1525		29	1784	0	
27 jan  ons		33800	47400	9080	11070				14040	13080	13300	11270	11050	81200		1524		29	1748	0	
28 jan  tor		27900	40800	7900	9540				11870	11010	11100	9570	9150	68700		1526		31	1608	0	
29 jan  fre		45000	59200	11620	14680				18590	16820	16870	14360	13310	104200		1526		32	1639	0	
30 jan  lør		53600	69700	13860	17590				22740	19720	19690	16790	15640	123300		1526		32	1694	0	
31 jan  søn		50400	65600	14140	16430				20530	18340	18770	15780	14080	116000		1527		32	1686	0	
01 feb  man		58500	68800	15540	19130				24100	21550	21620	18350	17390	127300		1528		32	2640	0	
02 feb  tir		47300	62800	12510	15380				19380	17550	17740	15000	14640	110100		1526		32	1703	0	
03 feb  ons		46700	61900	14630	18070				22750	17280	20380	17350	16460	108600		1528		32	1928	0	
04 feb  tor		41600	56900	11960	14000				17040	15720	15930	13570	11950	98500		1525		31	1658	0	
05 feb  fre		40900	55900	11070	13540				16830	15610	16030	13430	12300	96800		1528		31	1623	0	
06 feb  lør		34800	48700	9070	11880				14850	13590	13660	11650	10610	83500		1528		32	1608	0	
07 feb  søn		31600	45300	8600	11260				13730	12420	12320	10670	9540	76900		1525		31	1583	0	
08 feb  man		57100	74800	14960	19110				24450	20980	21000	17800	17080	131900		1526		32	1699	0	
09 feb  tir		54800	72000	15020	18420				22820	19940	20230	17090	16330	126800		1526		31	1763	0	
10 feb  ons		48600	65400	16230	19570				4840	20450	20780	17580	16550	114000		1529		32	1778	0	
11 feb  tor		44600	61000	15120	18780				0	20000	20250	17180	16020	105600		1528		31	1721	0	
12 feb  fre		41800	57500	14820	17810				0	18770	18890	16230	14700	99300		1527		32	1599	0	
13 feb  lør		36200	51200	13450	15560				0	16530	16530	14290	12670	87400		1527		30	1529	0	
14 feb  søn		32100	46500	12240	13940				0	14930	14870	12770	11380	78600		1529		31	1506	0	
15 feb  man		28000	41900	11070	12430				0	13390	13210	11350	10160	69900		1529		27	1530	0	
16 feb  tir		26700	40600	10680	11990				0	12950	12760	10960	9770	67300		1528		31	1586	0	
17 feb  ons		27100	41300	10890	12240				0	13140	13010	11140	9930	68400		1529		30	1612	0	
18 feb  tor		26000	39900	10510	11830				0	12660	12550	10720	9490	65900		1531		159	1601	0	
19 feb  fre		24500	38000	10090	11280				0	12050	11930	10180	9030	62500		1529		32	1608	0	
20 feb  lør		46800	63700	16460	19980				0	20760	20690	17640	16620	110500		1531		32	1715	0	
21 feb  søn		42700	58700	15370	17990				0	18830	18980	16040	15130	101400		1529		29	1760	0	
22 feb  man		35000	50300	12940	14720				0	15870	16080	13830	12360	85300		1331		79	1788	0	
23 feb  tir		30300	44500	11460	12910				0	13880	14150	12270	10710	74800		1301		5	1774	0	
24 feb  ons		27000	41400	10530	11830				0	12630	12940	11180	9740	68400		1304		27	1704	0	
25 feb  tor		26400	40600	10370	11670				0	12360	12710	10950	9470	67000		1304		2	1628	0	
26 feb  fre		24300	38100	9750	10980				0	11520	11790	10190	8720	62400		1308		26	1582	0	
27 feb  lør		21900	35500	8970	10110				0	10660	10790	9430	8050	57400		1306		28	1582	0	
28 feb  søn		20800	34100	7890	9510				0	10460	10770	9110	7850	54900		1306		26	1628	0	
29 feb  man		23300	37300	9210	10610				0	11560	11620	9780	8560	60600		1304		43	1690	0	
01 mar  tir		28700	43800	10160	12260				0	14010	14410	11810	10560	72500		1306		22	1740	0	
02 mar  ons		55900	65000	18330	21830				0	22350	22450	19120	17930	120900		1306		41	1818	0	
03 mar  tor		39200	39100	12200	13550				10	14530	14730	12560	11400	78300		1303		25	1839	0	
04 mar  fre		35500	35200	11070	12310				0	13260	13400	11440	10220	70700		1301		9	1810	0	
05 mar  lør		61700	62800	14680	17970				21910	19710	19970	16810	15610	124500		1305		0	1781	0	
06 mar  søn		51000	51000	11380	14060				18400	16160	16570	13810	12440	102000		1306		2	1742	0	
07 mar  man		45800	45600	10010	12330				16260	14690	15220	12580	11290	91400		1307		3	1723	0	
08 mar  tir		38800	38400	9300	10650				13780	12220	12360	10400	9440	77200		1302		2	1751	0	
09 mar  ons		36900	36400	2440	11480				14500	12650	12690	10750	9970	73300		1306		1	3352	0	
10 mar  tor		35000	34700	0	11320				14260	12440	12430	10570	9740	69700		1302		0	1647	0	
11 mar  fre		37000	36600	6570	9960				13770	12290	17740	10400	9400	73600		1304		4	2533	0	
12 mar  lør		32800	30500	7590	8140				11000	9870	10260	8460	7570	63300		1303		0	1649	0	
13 mar  søn		29800	29400	7880	8330				10640	9370	9260	7920	7060	59200		1305		0	1679	0	
14 mar  man		30300	29900	6880	8070				10780	9830	10090	8330	7470	60200		1301		0	1726	0	
15 mar  tir		29400	29100	7640	8230				10450	9290	9220	7860	6980	58500		1307		4	1760	0	
16 mar  ons		28300	28300	6560	7490				9940	9090	9480	7840	7320	56600		1308		3	1792	732	
17 mar  tor		29400	29300	7260	7980				10420	9190	9340	8010	7340	58700		1307		0	1817	822	
18 mar  fre		27800	27700	6430	7350				9660	8970	9360	7770	7150	55500		1307		4	1825	936	
19 mar  lør		25800	25600	6520	7160				9220	8180	8180	7060	6310	51400		1307		0	1828	730	
20 mar  søn		24800	24700	5950	6680				8730	8020	8340	6950	6260	49500		1310		0	1849	680	
21 mar  man		28800	28700	7040	7920				10370	9070	9120	7810	7090	57500		1306		0	1866	793	
22 mar  tir		25100	25000	6010	6730				8820	8060	8440	6980	6350	50100		1307		2	1878	719	
23 mar  ons		24600	24600	6190	6810				8880	7840	7860	6760	6080	49200		1309		4	1885	888	
24 mar  tor		24600	24600	5980	6670				8610	7880	8240	6830	6180	49200		1303		0	1889	731	
25 mar  fre		23600	23400	6030	6570				8590	7480	7410	6430	5760	47000		1306		1	1898	706	
26 mar  lør		21900	21800	5380	5890				7670	7020	7310	6070	5490	43700		1268		0	1832	621	
27 mar  søn		33900	34000	8180	9520				11890	10920	11040	9350	8670	67900		1310		0	1930	921	
28 mar  man		25700	25000	6390	7130				9030	8290	8160	7060	6440	50700		1308		2	1945	740	
29 mar  tir		25300	24700	5910	6730				8560	8310	8680	7090	6570	50000		1306		1	1943	682	
30 mar  ons		32100	31400	8270	9130				11080	10240	10080	8660	8070	63500		1310		1	1913	820	
31 mar  tor		24100	23400	6070	6670				8370	7780	7690	6570	5970	47500		1310		5	1882	754	
01 apr  fre		22800	22300	5390	6380				7920	7490	7560	6480	5710	45100		1314		0	1777	651	
02 apr  lør		22100	21300	5940	6310				7820	7030	6870	6020	5270	43400		1312		0	1739	596	
03 apr  søn		22100	21500	5180	6270				7720	7290	7310	6360	5470	43600		1314		1	1763	610	
04 apr  man		36600	36500	8750	10330				12830	11760	11960	10010	9260	73100		1312		0	1817	1019	
05 apr  tir		64100	54500	14630	18270				23300	20810	21410	17750	16980	118600		1312		0	2494	1301	
06 apr  ons		52300	52700	12060	14720				18440	16690	16950	14280	13510	105000		1312		2	1902	1284	
07 apr  tor		46700	46600	9960	12550				16270	15060	15580	12890	12880	93300		1313		1	1864	1178	
08 apr  fre		30200	30300	7110	8400				10750	9540	9530	8150	8530	60500		1320		3	1720	946	
09 apr  lør		24900	25000	5880	6610				8450	7890	8260	6810	7300	49900		1314		1	1624	860	
10 apr  søn		24000	24100	5940	6650				8460	7610	7610	6530	6870	48100		1316		3	1631	830	
11 apr  man		25100	25100	5900	6650				8420	8090	8520	6940	7200	50200		1317		1	1665	704	
12 apr  tir		36000	36000	8350	9870				12380	11460	11930	9880	9880	72000		1312		0	1753	892	
13 apr  ons		32600	25800	7830	8910				11360	10430	10560	9000	9070	58400		1313		0	2238	682	
14 apr  tor		30700	30900	7180	8430				10680	9860	10330	8480	8550	61600		1316		0	1754	870	
15 apr  fre		32300	32200	8130	9080				11010	10140	10260	8780	8710	64500		1315		0	1811	840	
16 apr  lør		27700	27700	6690	7660				9680	8860	9050	7680	7670	55400		1315		4	1822	740	
17 apr  søn		23000	22900	6040	7000				8760	8190	3300	7090	7190	45900		1315		4	1829	663	
18 apr  man		26800	26800	7230	7780				9580	8630	7160	7450	7500	53600		1315		0	1831	777	
19 apr  tir		24100	24000	5750	6460				8310	7730	8150	6810	6690	48100		1316		3	1835	727	
20 apr  ons		23500	23300	7710	8680				10970	10120	7930	8920	8610	46800		1299		1	2429	682	
21 apr  tor		26700	22800	6080	7410				9290	8600	8960	7690	7380	49500		1296		1	2103	682	
22 apr  fre		21800	21400	5830	6130				7640	6760	6970	6000	5910	43200		1314		2	1842	617	
23 apr  lør		21300	20900	4910	5870				7350	6790	7180	6120	6010	42200		1314		1	1854	617	
24 apr  søn		22500	22100	5590	6230				7880	7040	7360	6240	6240	44600		1314		1	1872	689	
25 apr  man		32400	33000	7870	9170				11810	10340	10750	8950	8950	65400		1312		0	1883	935	
26 apr  tir		41100	41400	9370	11870				14780	13170	13130	11240	10810	82500		1317		0	1903	1069	
27 apr  ons		45000	45400	10170	12500				15680	14460	15050	12400	12050	90400		1313		0	1915	1137	
28 apr  tor		27200	27200	6070	7310				9270	8880	9300	7700	7360	54400		1318		1	1888	778	
29 apr  fre		49200	50600	12110	14540				17880	15700	15870	13290	12950	99800		1317		0	1797	1184	
30 apr  lør		44800	44800	9910	12810				15840	14290	14410	12240	11650	89600		1315		0	1752	1109	
01 maj  søn		29200	29400	6910	8150				10200	9410	9500	8170	7680	58600		1319		2	1671	808	
02 maj  man		28100	28500	9390	10630				13170	12140	12450	10490	10030	56600		1315		0	2257	755	
03 maj  tir		29000	29400	6540	7860				9880	9470	10080	8300	7780	58400		1318		0	1696	790	
04 maj  ons		25500	25700	6690	7290				8840	8150	8200	7000	6570	51200		1325		2	1718	841	
05 maj  tor		23700	25700	6520	6840				8510	8170	8560	6750	6270	49400		1319		1	1860	811	
06 maj  fre		24100	24200	5830	6770				8230	7820	8170	6800	6380	48300		1320		0	1779	804	
07 maj  lør		23000	23000	6230	6640				8020	7340	7350	6390	5930	46000		1319		0	1826	747	
08 maj  søn		22900	22900	5720	6390				7860	7480	7660	6480	6060	45800		1324		3	1858	775	
09 maj  man		24200	24100	5700	6600				8220	7910	8270	6860	6530	48300		1322		0	1876	738	
10 maj  tir		23900	24000	6450	6920				8190	7860	7120	6820	6400	47900		1240		0	1843	664	
11 maj  ons		23900	23800	5870	6650				8050	7780	7810	6850	6390	47700		1230		4	1872	641	
12 maj  tor		23000	23000	5530	6530				7980	7590	7530	6660	6130	46000		1233		1	1903	622	
13 maj  fre		23700	23700	5640	6690				8180	7780	7720	6820	6320	47400		1232		2	1893	666	
14 maj  lør		20800	20600	5720	5990				7320	6690	6370	5850	5420	41400		1236		3	1885	546	
15 maj  søn		21300	21100	4960	5940				7370	7040	7020	6210	5820	42400		1230		0	1883	616	
16 maj  man		20900	20500	5680	5990				7250	6680	6480	5800	5470	41400		1234		2	1887	593	
17 maj  tir		21800	21300	4710	5700				7370	7290	7710	6650	5750	43100		1232		0	1884	694	
18 maj  ons		22300	21600	5330	6180				7840	7280	7250	6350	5590	43900		1235		0	1876	687	
19 maj  tor		21700	21100	4810	5550				7410	7120	7830	6460	5580	42800		1238		0	1867	604	
20 maj  fre		20800	20300	4470	6000				7670	6990	6890	6080	5160	41100		1239		0	1875	589	
21 maj  lør		34400	34200	8010	9580				12250	11160	11300	9520	8800	68600		1235		0	1888	888	
22 maj  søn		29000	29200	7160	8110				10020	9480	9700	8150	7460	58200		1234		0	1908	815	
23 maj  man		40900	41300	9960	11750				14470	13220	13310	11200	10480	82200		1241		1	1908	1016	
24 maj  tir		23500	23500	5380	6480				8110	7880	8110	6830	6090	47000		1246		0	1842	669	
25 maj  ons		20400	20300	5530	5830				7240	6770	6580	5780	4860	40700		1243		1	1763	557	
26 maj  tor		20000	20100	4800	5230				6740	6780	7330	6120	4920	40100		1249		4	1732	560	
27 maj  fre		19600	19600	4420	5800				7080	6700	6590	5960	4610	39200		1247		0	1734	550	
28 maj  lør		18600	18600	5060	5330				6660	6280	6080	5400	4280	37200		1246		0	1752	512	
29 maj  søn		20200	20200	4850	5350				6960	6920	7350	6080	4950	40400		1247		0	1778	598	
30 maj  man		31600	31700	7360	8980				11010	10450	10550	8960	7750	63300		1247		1	1847	838	
31 maj  tir		22800	22700	5920	6430				7890	7610	7550	6530	5370	45500		1247		0	1837	669	
01 jun  ons		19900	19800	4850	5250				6650	6810	7180	6040	4950	39700		1247		1	1814	583	
02 jun  tor		19700	19700	4920	5330				6730	6730	6970	5890	4810	39400		1252		2	1809	584	
03 jun  fre		19300	19200	4450	5770				6870	6680	6430	5830	4490	38500		1250		3	1816	588	
04 jun  lør		17700	17700	4930	5150				6380	6040	5780	5120	3980	35400		1251		2	1838	553	
05 jun  søn		17800	17700	4400	4640				6090	6150	6560	5370	4360	35500		1249		5	1863	572	
06 jun  man		18600	18200	4360	5500				6680	6310	6090	5460	4360	36800		1255		5	1878	544	
07 jun  tir		18800	18400	5130	5420				6730	6310	6120	5340	4290	37200		1251		0	1870	649	
08 jun  ons		20300	19700	5400	5710				7040	6660	6650	5740	4690	40000		1249		0	1856	679	
09 jun  tor		19000	18700	4500	5480				6720	6480	6480	5650	4500	37700		1252		4	1839	663	
10 jun  fre		18700	18300	5010	5410				6690	6230	6090	5350	4210	37000		1265		2	1819	655	
11 jun  lør		17300	16800	4200	4530				5900	5900	6290	5200	4190	34100		1269		1	1825	612	
12 jun  søn		17400	17000	4060	5150				6360	5990	5810	5180	4060	34400		1266		0	1860	636	
13 jun  man		21300	21000	5320	5880				7430	7090	7300	6110	5060	42300		1270		0	1875	730	
14 jun  tir		18600	18400	4430	5510				6740	6350	6200	5500	4360	37000		1267		0	1862	667	
15 jun  ons		28600	28800	7160	8130				10140	9430	9480	8000	6970	57400		1262		3	1857	853	
16 jun  tor		32300	32600	8310	9330				11060	10560	10370	9000	8140	64900		1266		0	1889	968	
17 jun  fre		25800	25900	6110	7020				8820	8670	8820	7510	6640	51700		1263		1	1874	840	
18 jun  lør		17600	17700	5110	5190				6310	5880	5560	5020	4210	35300		1266		4	1848	650	
19 jun  søn		16500	16500	4050	4270				5660	5710	5930	5080	4290	33000		1267		3	1841	650	
20 jun  man		54800	51100	14550	16370				21000	19540	17700	15420	13920	105900		1263		0	5109	1149	
21 jun  tir		32700	32600	8440	9240				11170	10550	10520	9040	7930	65300		1262		0	1791	969	
22 jun  ons		23000	22900	5710	6330				8190	7650	7580	6480	5560	45900		1266		0	1718	755	
23 jun  tor		18500	18500	4490	4760				6340	6320	6690	5620	4580	37000		1263		0	1688	643	
24 jun  fre		18300	18000	4450	5430				6570	6280	5950	5480	4010	36300		1261		2	1718	534	
25 jun  lør		35200	35500	8480	10140				12760	11520	11650	9880	8710	70700		1266		3	1770	863	
26 jun  søn		27100	26700	6280	7570				9160	8920	9150	7810	6410	53800		1263		5	1794	727	
27 jun  man		23900	23900	6380	6820				8390	7810	7750	6740	5580	47800		1264		0	1782	689	
28 jun  tir		18800	18600	4500	5290				6510	6370	6410	5670	4500	37400		1271		8	1753	649	
29 jun  ons		26000	25900	6200	13740				8860	8490	8820	7460	6570	51900		1272		0	5088	818	
30 jun  tor		34300	34600	8190	9760				12250	11110	11410	9630	8660	68900		1273		0	1770	969	
01 jul  fre		47700	48200	11190	14090				17510	15280	15430	13050	11960	95900		1270		0	1768	1249	
02 jul  lør		31500	30900	7180	8540				10670	10220	10670	8780	7840	62400		1272		8	1726	946	
03 jul  søn		24100	24000	5920	6890				8640	7890	7770	6750	5840	48100		1274		1	1719	812	
04 jul  man		20100	19800	5320	5710				7160	6590	6450	5640	4760	39900		1269		1	1712	690	
05 jul  tir		52000	53500	12100	15230				19560	16800	17160	14350	13330	105500		1267		0	1722	1390	
06 jul  ons		30500	30200	6890	8840				11110	10010	9770	8320	7250	60700		1269		4	1665	928	
07 jul  tor		19800	19400	5520	5780				7180	6440	6230	5510	4470	39200		1270		0	1658	676	
08 jul  fre		36200	36500	8430	10360				13280	11800	12110	10210	8910	72700		1265		0	1689	1044	
09 jul  lør		24400	24100	6290	6920				8650	7940	7950	6910	5580	48500		1265		0	1698	812	
10 jul  søn		35300	35400	8540	10020				12680	11350	11750	9840	8560	70700		1272		0	1695	1037	
11 jul  man		32100	32300	8070	9390				11850	10410	10520	8960	7530	64400		1266		1	1672	808	
12 jul  tir		23100	22600	5510	6250				7840	7690	8200	6850	5250	45700		1276		5	1638	584	
13 jul  ons		20100	19600	5170	5850				7280	6710	6570	5770	4080	39700		1281		5	1602	553	
14 jul  tor		28900	28700	6950	8310				10610	9500	9540	8170	6770	57600		1275		0	1642	744	
15 jul  fre		18000	17600	4820	5170				6490	6060	5870	5210	3820	35600		1281		2	1641	523	
16 jul  lør		18100	17600	4540	4880				6270	6160	6480	5470	3780	35700		1274		1	1638	515	
17 jul  søn		17900	17300	4220	5370				6640	6170	6030	5450	3210	35200		1278		0	1644	534	
18 jul  man		17700	17100	4880	5220				6590	6020	5900	5230	2740	34800		1274		0	1650	522	
19 jul  tir		17300	16600	4260	4530				5980	5930	6480	5480	3010	33900		1274		0	1646	516	
20 jul  ons		17200	16600	3980	5130				6500	5920	5940	5260	2770	33800		1280		0	1659	518	
21 jul  tor		15600	14900	4130	4260				5420	4960	5050	4530	3930	30500		1281		0	1997	460	
22 jul  fre		15100	14500	3400	3660				4940	4900	5390	4700	4470	29600		1283		2	1656	480	
23 jul  lør		14200	13700	3020	3800				5090	4730	4680	4320	4130	27900		1280		2	1655	465	
24 jul  søn		14400	13800	3590	3940				5140	4630	4590	4150	4000	28200		1279		0	1661	461	
25 jul  man		20200	19800	4510	5280				6890	6590	6880	5880	5650	40000		1281		0	1668	569	
26 jul  tir		14900	14600	4090	4170				5230	4790	4630	4290	4170	29500		1281		7	1663	429	
27 jul  ons		16700	16200	3830	4120				5410	5400	5910	5070	4850	32900		1311		19	1655	476	
28 jul  tor		15200	14800	3910	4120				5340	4880	4810	4400	4250	30000		1311		42	1647	451	
29 jul  fre		44300	44300	9980	12710				15940	14110	14110	12050	11590	88600		1310		27	1665	1052	
30 jul  lør		33500	33400	7680	9400				11830	10760	10810	9270	8990	66900		1311		50	1674	853	
31 jul  søn		15200	14900	4130	4220				5340	4940	4660	4350	4170	30100		1307		28	1652	463	
01 aug  man		23400	23300	5620	6410				8210	7600	7640	6670	6440	46700		1302		45	1640	661	
02 aug  tir		17200	16800	4090	4290				5560	5600	5850	5170	5070	34000		1299		34	1602	531	
03 aug  ons		35800	36000	8700	10310				12850	11490	11430	9900	9460	71800		1302		47	1590	906	
04 aug  tor		21900	21300	5100	5540				7060	7030	7440	6330	6190	43200		1299		36	1603	626	
05 aug  fre		19000	18700	4890	5090				6560	6170	6000	5380	5230	37700		1299		48	1591	586	
06 aug  lør		19500	19300	4920	5170				6710	6370	6250	5570	5380	38800		1304		31	1598	592	
07 aug  søn		15300	15100	3710	3550				5030	5110	5460	4730	4630	30400		1297		48	1603	504	
08 aug  man		24300	20000	5930	6420				8380	7870	7970	6960	6720	44300		1300		35	1892	574	
09 aug  tir		18800	18300	4680	5040				6610	6100	5960	5350	5120	37100		1296		47	1580	558	
10 aug  ons		19100	18400	4380	5040				6520	6210	6200	5530	5240	37500		1295		28	1556	553	
11 aug  tor		16500	15900	4430	4310				5800	5350	5100	4700	4480	32400		1296		46	1519	526	
12 aug  fre		16000	15200	3800	3650				5250	5220	5540	4820	4640	31200		1297		40	1509	480	
13 aug  lør		15000	14300	3530	3860				5330	4990	4720	4440	4180	29300		1302		47	1511	485	
14 aug  søn		22500	22300	5400	6050				7920	7330	7240	6370	6130	44800		1301		32	1537	645	
15 aug  man		16400	16200	4040	4070				5490	5360	5590	4870	4720	32600		1299		46	1531	517	
16 aug  tir		16400	16100	4350	4470				5800	5290	5080	4660	4470	32500		1298		34	1479	515	
17 aug  ons		15900	15600	3770	3750				5160	5200	5620	4860	4660	31500		1299		46	1454	496	
18 aug  tor		16500	16000	4250	4450				5790	5350	5090	4720	4430	32500		1301		36	1426	526	
19 aug  fre		16300	15900	3820	5410				7380	7400	7990	6850	6510	32200		1296		47	1892	508	
20 aug  lør		15400	15000	3640	4130				5370	5110	4920	4590	4270	30400		1300		38	1418	514	
21 aug  søn		15300	14900	4110	4110				5460	4980	4810	4390	4170	30200		1298		47	1431	504	
22 aug  man		35400	35700	8480	9840				12440	11330	11590	9750	9400	71100		1301		32	1454	900	
23 aug  tir		17300	17100	4570	4670				6060	5600	5360	4960	4780	34400		1292		49	1474	544	
24 aug  ons		16700	16500	3980	4080				5480	5470	5800	5050	4870	33200		1298		2	1439	530	
25 aug  tor		16700	16500	4510	4510				5900	5430	5140	4720	4540	33200		1301		48	1414	641	
26 aug  fre		15800	15700	3640	3750				5210	5300	5560	4880	4680	31500		1300		35	1400	596	
27 aug  lør		19900	19900	4720	5590				7060	6630	6340	5800	5530	39800		1300		50	1402	606	
28 aug  søn		38500	38600	9210	10650				13290	12270	12300	10550	10350	77100		1294		38	1444	952	
29 aug  man		16700	16700	4030	4160				5520	5510	5700	5070	4920	33400		1299		49	1419	540	
30 aug  tir		16700	16600	3940	4720				5980	5480	5170	4890	4590	33300		1304		35	1369	553	
31 aug  ons		17000	16700	4330	4400				5770	5500	5560	4930	4750	33700		1170		47	1347	554	
01 sep  tor		17400	17100	1300	1780				7480	6920	6760	6100	5720	34500		1138		37	1341	661	
02 sep  fre		17800	17400	0	0				7920	7570	8110	6800	6570	35200		1137		50	1341	539	
03 sep  lør		21400	21200	0	0				10050	9315	9190	8230	7750	42600		1139		35	1350	615	
04 sep  søn		63200	65500	0	0				30000	28235	27880	24880	23870	128700		1140		41	1399	1484	
05 sep  man		33300	32800	0	0				14530	13830	14580	12480	11840	66100		1136		37	1384	979	
06 sep  tir		18200	17800	0	0				7770	7930	7900	7160	6590	36000		1140		157	1323	681	
07 sep  ons		18000	17800	0	0				8050	7660	7830	7020	6460	35800		1140		40	1296	565	
08 sep  tor		17900	17500	0	0				8300	7580	7620	6890	6350	35400		1141		0	1334	544	
09 sep  fre		16700	16500	0	0				7260	6890	7870	6650	6110	33200		1138		98	1365	514	
10 sep  lør		15600	15300	0	0				7180	6620	6730	6150	5660	30900		1135		48	1367	501	
11 sep  søn		15700	15300	0	0				7330	6690	6700	6070	5650	31000		1140		40	1381	501	
12 sep  man		17100	16700	1230	0				6980	6920	7670	6500	6060	33800		1140		47	1393	589	
13 sep  tir		16900	16400	0	0				7850	7270	7180	6490	5940	33300		1135		39	1399	656	
14 sep  ons		16700	16400	0	0				7860	7230	7140	6350	5900	33100		1136		47	1377	504	
15 sep  tor		16900	16400	0	0				7300	7080	7660	6480	6120	33300		1141		38	1361	503	
16 sep  fre		17300	16700	4060	5240				5800	5530	5230	4960	4620	34000		1146		47	1366	482	
17 sep  lør		15300	14700	4890	4670				4990	4590	4300	4080	3890	30000		1142		39	1351	464	
18 sep  søn		15300	14700	4020	4020				4610	4790	5310	4510	4180	30000		1147		47	1337	467	
19 sep  man		16600	15900	5270	6240				110	6030	5860	5450	4820	32500		1145		38	1335	535	
20 sep  tir		18800	17700	6520	6860				0	6690	6630	5980	5340	36500		1144		46	1426	591	
21 sep  ons		19500	19100	6310	6760				0	4710	7970	7010	6870	38600		1140		37	1307	564	
22 sep  tor		16800	16300	6840	7280				0	0	7190	6550	6180	33100		1146		45	1294	618	
23 sep  fre		15800	15200	6080	6250				0	0	7150	6440	6100	31000		1143		36	1302	509	
24 sep  lør		15000	14400	6440	4260				0	20	7060	6570	6150	29400		1145		45	1317	574	
25 sep  søn		15000	14500	7780	0				0	0	8330	7470	7050	29500		1141		37	1334	589	
26 sep  man		28100	28400	11310	11960				150	0	12490	11340	10780	56500		873		45	1395	823	
27 sep  tir		16500	16100	6130	6310				1130	0	7320	6600	6240	32600		949		36	1417	559	
28 sep  ons		15700	15300	5650	6420				1760	0	6550	6040	5570	31000		950		46	1389	468	
29 sep  tor		33000	33300	12940	14280				0	0	14830	13160	12500	66300		950		36	1397	832	
30 sep  fre		19900	19300	7710	8240				0	0	8820	7870	7330	39200		949		44	1411	601	
01 okt  lør		20500	20000	7970	9110				0	0	8850	8100	7510	40500		950		35	1389	572	
02 okt  søn		41000	40900	15270	17670				0	0	18350	16120	15240	81900		948		43	1416	1026	
03 okt  man		46600	46500	17320	20360				0	0	20730	18160	16800	93100		949		34	1419	1130	
04 okt  tir		20400	19800	6680	7360				8840	6390	1570	3150	7140	40200		950		43	1381	663	
05 okt  ons		16800	16400	5330	6260				7520	7330	0	2240	5530	33200		949		34	1319	547	
06 okt  tor		16800	16400	6000	6190				7500	6950	0	2160	5470	33200		951		43	1278	568	
07 okt  fre		16300	15900	5320	5590				7060	7250	0	2280	5890	32200		951		33	1273	567	
08 okt  lør		16100	15700	5200	5960				7140	7030	0	2130	5500	31800		952		41	1315	489	
09 okt  søn		27200	27000	8840	10290				12790	11720	0	2320	9250	54200		952		33	1370	717	
10 okt  man		28300	28100	10080	11270				13640	12760	0	330	10170	56400		949		41	1405	751	
11 okt  tir		16500	16200	5770	6670				7990	7610	0	0	5890	32700		944		34	1421	581	
12 okt  ons		16500	16200	6230	6480				8100	7470	0	0	5800	32700		943		40	1382	631	
13 okt  tor		17600	17100	6650	6950				8500	7810	0	0	6000	34700		943		33	1321	619	
14 okt  fre		16100	15600	5630	5930				7560	7690	0	0	6000	31700		945		32	1301	592	
15 okt  lør		20300	19700	7040	7950				9840	9100	0	0	7050	40000		944		32	1315	694	
16 okt  søn		15100	14700	5270	6030				7380	6890	0	0	5370	29800		944		38	1336	569	
17 okt  man		16200	15500	6120	6290				7780	7050	0	0	5510	31700		945		32	1346	487	
18 okt  tir		23900	23500	7850	8920				11183	10800	1190	0	8440	47400		944		37	1339	752	
19 okt  ons		63700	65000	22230	26640				31960	27870	920	0	22200	128700		945		32	1399	1479	
20 okt  tor		38500	37600	13190	14940				18265	16268	1350	0	12690	76100		945		41	1410	928	
21 okt  fre		56900	57500	18920	23160				28413	24663	1840	0	19310	114400		944		119	1373	1305	
22 okt  lør		29100	28300	9990	11280				13910	12390	910	0	9320	57400		945		0	1327	766	
23 okt  søn		50800	52600	18200	21070				25330	22850	1630	0	17760	103400		945		33	1322	1194	
24 okt  man		39200	37800	12110	15120				18910	16880	1220	0	13010	77000		945		32	1370	934	
25 okt  tir		22500	21700	6790	7260				8790	8120	7270	5600	760	44200		947		34	1342	762	
26 okt  ons		26400	25600	6890	7580				9450	9330	10480	9410	0	52000		946		41	1377	754	
27 okt  tor		21400	20800	6170	6550				7870	7420	7650	6970	0	42200		945		35	1331	646	
28 okt  fre		19900	19300	4990	6100				7290	7200	7530	6810	0	39200		946		148	1338	588	
29 okt  lør		17700	17100	5200	5560				6680	6320	6310	5860	0	34800		974		28	1417	557	
30 okt  søn		17100	16500	4440	4890				6120	6300	6910	6100	0	33600		946		40	1378	537	
31 okt  man		18200	17500	4540	5860				6900	6540	6640	6230	0	35700		946		22	1387	642	
01 nov  tir		18700	18000	5300	5850				7190	6680	6740	6160	0	36700		944		49	1389	665	
02 nov  ons		21400	20400	5740	6540				7630	7490	7830	7360	0	41800		946		28	1389	745	
03 nov  tor		21600	20700	6830	8010				10410	10500	14350	10350	0	42300		946		43	1864	647	
04 nov  fre		33300	32800	8790	10540				12610	11790	12520	11080	0	66100		946		26	1417	825	
05 nov  lør		43600	43400	12090	14430				17010	15200	15730	14060	0	87000		946		43	1432	1042	
06 nov  søn		23600	22200	5970	7340				8620	8410	8530	7670	0	45800		947		31	1432	643	
07 nov  man		18600	17400	4810	5120				5970	5820	5630	5200	4600	36000		947		44	1416	761	
08 nov  tir		19500	18400	4200	4770				5760	6140	6570	5720	5840	37900		947		25	1382	1110	
09 nov  ons		32900	31700	7910	8970				10470	9940	10030	8900	8810	64600		947		44	1371	1337	
10 nov  tor		23500	22200	4850	6060				7260	7320	7580	6670	6800	45700		948		28	1361	1051	
11 nov  fre		21800	20500	5410	5870				6800	6570	6480	5920	6180	42300		947		46	1327	1022	
12 nov  lør		18600	17500	3910	4890				5730	5840	5910	5380	5630	36100		947		25	1322	1007	
13 nov  søn		18300	17300	4610	4970				5760	5670	5430	5120	5350	35600		947		44	1333	969	
14 nov  man		35200	34200	7790	9370				11350	10860	11200	9650	9690	69400		947		31	1373	965	
15 nov  tir		21000	20000	4330	5580				6730	6650	6650	5990	6140	41000		948		34	1405	560	
16 nov  ons		26600	25600	5890	6930				8550	8300	8490	7310	7490	52200		947		31	1381	701	
17 nov  tor		44700	44600	9830	12500				15360	13940	14130	12050	11910	89300		946		45	1350	1056	
18 nov  fre		58200	58100	12930	16200				20070	17980	18360	15560	15120	116300		947		29	1375	1340	
19 nov  lør		38300	35900	7970	10350				12670	11560	11520	10070	9880	74200		946		44	1415	934	
20 nov  søn		41800	40900	9010	11540				14190	12970	13140	11210	11100	82700		947		31	1449	1012	
21 nov  man		31500	29700	6590	8100				10060	9790	10000	8640	8440	61200		945		7	1527	841	
22 nov  tir		23500	22000	5170	6220				7780	7360	7390	6350	6350	45500		948		0	1637	696	
23 nov  ons		22000	20700	4290	5800				7250	7150	7340	6350	6220	42700		947		4	1785	637	
24 nov  tor		21100	19900	5110	5870				7080	6750	6440	5800	5710	41000		949		1	1814	657	
25 nov  fre		20700	19300	4130	5760				6880	6700	6550	5960	5840	40000		949		0	1802	718	
26 nov  lør		19700	18500	4710	5540				6640	6230	6050	5450	5410	38200		948		1	1758	586	
27 nov  søn		18900	17800	3940	4890				6160	6120	6580	5440	5440	36700		949		3	1745	571	
28 nov  man		19700	18500	3910	5740				6790	6400	6200	5610	5360	38200		949		0	1737	896	
29 nov  tir		20400	19200	5030	5850				6990	6420	6240	5520	5370	39600		949		0	1686	648	
30 nov  ons		30700	29200	6970	8680				10770	9830	10050	8970	8240	59900		946		0	1705	782	
01 dec  tor		26300	25400	5390	7260				8700	8350	8370	7410	7210	51700		947		3	1623	721	
02 dec  fre		19200	18300	4520	5350				6420	6150	5870	5380	5340	37500		947		2	1665	870	
03 dec  lør		17900	17300	3750	4650				5740	5860	6220	5290	5350	35200		948		0	1703	860	
04 dec  søn		18000	17300	3580	5220				6130	5980	5700	5290	5180	35300		949		0	1750	724	
05 dec  man		19400	18600	4630	5470				6530	6240	5980	5450	5350	38000		948		0	1717	593	
06 dec  tir		18900	18000	3850	4800				5900	6110	6530	5620	5590	36900		948		0	1650	549	
07 dec  ons		28600	28300	6160	7890				9500	9090	9420	8110	7840	56900		946		0	1565	771	
08 dec  tor		20300	19500	4640	5580				6690	6400	6220	5630	5570	39800		947		1	1451	638	
09 dec  fre		31000	30200	6850	8410				10200	9610	9980	8450	8200	61200		946		0	1376	807	
10 dec  lør		30000	29300	6210	8190				9930	9440	9820	8330	8070	59300		948		1	1378	805	
11 dec  søn		30400	29600	6550	8230				10100	9510	9760	8340	8120	60000		947		1	1382	831	
12 dec  man		22000	21100	4520	6080				7170	6960	6970	6170	6060	43100		948		2	1391	614	
13 dec  tir		18100	16200	4480	5140				6090	5700	5460	5050	5010	34300		948		19	1271	485	
14 dec  ons		19200	18400	3940	4860				6040	6160	6570	5670	5620	37600		947		45	1368	735	
15 dec  tor		19100	18400	3760	5540				6410	6180	5870	5590	5380	37500		949		26	1389	667	
16 dec  fre		18600	17800	3790	4740				5870	5990	6370	5540	5530	36400		948		44	1405	732	
17 dec  lør		20600	19800	4780	5750				6880	6510	6290	5710	5640	40400		947		32	1413	657	
18 dec  søn		18100	17500	3760	4620				5730	5830	6310	5370	5420	35600		949		45	1446	520	
19 dec  man		18800	18200	4500	5310				6350	5960	5810	5240	5260	37000		948		28	1471	555	
20 dec  tir		18600	18100	3770	4710				5830	6080	6530	5580	5590	36700		948		46	1469	611	
21 dec  ons		18600	18200	4390	5230				6350	6040	5820	5250	5230	36800		947		31	1437	676	
22 dec  tor		27600	27100	5940	7380				9090	8720	9240	7780	7610	54700		947		44	1409	734	
23 dec  fre		36100	35500	8160	10060				12150	11160	11470	9660	9330	71600		948		31	1453	926	
24 dec  lør		31500	30600	7110	8590				10320	9670	10010	8380	8220	62100		948		44	1434	850	
25 dec  søn		27700	27000	6590	7680				9210	8530	8500	7490	7280	54700		947		22	1380	751	
26 dec  man		28800	27800	6200	7630				9370	9020	9290	7930	7650	56600		947		2	1354	787	
27 dec  tir		18400	17900	4690	5290				6220	5780	5500	4900	5100	36300		948		0	1360	527	
28 dec  ons		18200	17700	3820	4640				5720	5940	6280	5310	5370	35900		947		2	1344	539	
29 dec  tor		18200	17700	4330	5110				6170	5880	5620	5040	5050	35900		948		1	1317	539	
30 dec  fre		18300	17800	3820	4640				5790	6010	6370	5430	5450	36100		948		0	1320	563	
31 dec  lør		19000	18400	4780	5390				6320	6050	5770	5210	5210	37400		948		0	1346	531	
01 jan  søn		38200	37400	9030	10930				12950	11730	11800	10070	9720	75600		948		3	1463	983	
02 jan  man		19400	18800	4600	5380				6480	6240	6050	5410	5360	38200		948		1	1471	1041	
03 jan  tir		34000	32900	7750	9350				11160	10470	10700	9110	8800	66900		947		0	1440	915	
04 jan  ons		20500	19800	4580	5490				6660	6610	6530	5820	5710	40300		948		1	1375	941	
05 jan  tor		18100	17600	4130	4900				5940	5900	5820	5220	5220	35700		949		1	1292	1070	
06 jan  fre		18100	17600	4570	5180				6050	5820	5520	5090	5080	35700		947		0	1245	1041	
07 jan  lør		20000	19300	4440	5370				6490	6440	6500	5620	5590	39300		947		0	1215	727	
08 jan  søn		17700	17100	3650	4480				5600	5770	6170	5250	5280	34800		949		0	1214	533	
09 jan  man		20400	19600	7230	8380				9930	9420	6250	5610	8090	40000		947		0	2239	554	
10 jan  tir		19300	18600	3850	4800				6070	6360	6810	5770	5720	37900		948		0	1216	523	
11 jan  ons		54000	53000	12280	15270				18470	16370	16900	13990	13350	107000		947		1	1318	1246	
12 jan  tor		35400	34000	8210	9720				11800	10740	10870	9250	8930	69400		949		1	1372	1118	
13 jan  fre		22200	21500	4830	5730				7200	7100	7430	6270	6190	43700		948		1	1328	1067	
14 jan  lør		21000	20300	5190	5880				7150	6560	6360	5650	5590	41300		948		1	1237	765	
15 jan  søn		19800	19100	4590	5350				6600	6240	6260	5420	5420	38900		948		2	1222	1078	
16 jan  man		20000	19200	6340	7540				9420	8880	8980	7700	7680	39200		950		1	1714	1059	
17 jan  tir		19700	18900	5000	5580				6680	6100	5870	5310	5260	38600		949		0	1293	785	
18 jan  ons		19800	18900	4200	4990				6240	6260	6840	5720	5620	38700		950		0	1288	627	
19 jan  tor		20600	19800	4920	5780				7050	6450	6280	5580	5390	40400		949		0	1280	618	
20 jan  fre		19400	18600	4870	5740				7190	7250	7500	450	6340	38000		947		0	1294	650	
21 jan  lør		20400	18000	5580	6190				8050	7480	7230	0	6300	38400		952		1	1477	577	
22 jan  søn		19100	18300	4920	5800				7130	7180	7480	0	6290	37400		954		2	1615	556	
23 jan  man		20000	19300	5420	4520				7470	6930	6760	3680	5890	39300		952		0	1433	663	
24 jan  tir		19000	18700	7130	70				10340	10410	11060	9710	9150	37700		952		0	2059	725	
25 jan  ons		29000	18100	8480	0				11580	10660	10380	9560	9060	47100		950		2	2807	1081	
26 jan  tor		18500	18100	4880	0				7270	6890	6900	6250	5920	36600		949		1	1311	1143	
27 jan  fre		18500	17900	5570	0				7330	6720	6510	5990	5730	36400		949		1	1114	1036	
28 jan  lør		17500	17000	4650	0				6730	6440	6770	5890	5730	34500		948		0	1441	920	
29 jan  søn		21100	20600	5940	0				8340	7690	7540	6810	6420	41700		947		0	987	635	
30 jan  man		24800	24400	6780	0				9470	8860	8940	7780	7380	49200		948		0	429	656	
31 jan  tir		17900	17500	4500	0				6490	6360	6740	5790	5660	35400		948		1	1	533	
01 feb  ons		18000	17500	5120	0				6920	6330	6060	5610	5390	35500		948		1	1	727	
02 feb  tor		18100	17700	4680	0				6880	6480	6440	5830	5560	35800		949		0	0	1012	
03 feb  fre		19500	18700	6200	0				8360	3840	7290	6620	6290	38200		948		0	625	639	
04 feb  lør		18600	18100	6140	0				8590	0	8300	7180	6960	36700		949		0	637	509	
05 feb  søn		26100	25400	8910	0				12630	0	11110	9740	9160	51500		949		1	641	669	
06 feb  man		18800	18200	7880	0				11160	9490	7480	15770	6230	37000		950		2	882	749	
07 feb  tir		18200	17700	4960	0				7290	6990	6540	6030	5740	35900		950		2	1695	1032	
08 feb  ons		18200	17700	300	0				8680	7880	7620	6840	6520	35900		950		1	1783	1000	
09 feb  tor		19600	18800	0	0				9350	8550	8430	7490	7090	38400		950		0	2788	1040	
10 feb  fre		17800	17000	0	0				8630	7900	7800	6960	6670	34800		951		0	4406	1002	
11 feb  lør		17900	17200	0	0				8550	7930	8000	6970	6810	35100		950		1	3233	1007	
12 feb  søn		16700	15900	0	0				8190	7440	7230	6480	6380	32600		951		0	3220	1013	
13 feb  man		18600	17700	0	0				8730	8260	8320	7170	6990	36300		950		1	3160	35	
14 feb  tir		18200	17300	0	0				9990	9430	12420	10780	10440	35500		952		14	4677	0	
15 feb  ons		19400	18200	0	0				9660	9150	9980	7880	7630	37600		950		13	3139	0	
16 feb  tor		20600	19500	0	0				9610	8950	8960	7620	7340	40100		953		25	2665	0	
17 feb  fre		20300	19200	0	0				9600	8770	8470	7500	7150	39500		953		19	2614	494	
18 feb  lør		17600	16500	0	0				7970	7540	7880	6610	6530	34100		952		18	2641	489	
19 feb  søn		24500	23400	0	0				11590	10560	10270	8990	8540	47900		951		18	2722	636	
20 feb  man		24000	23000	0	0				11140	10360	10630	8870	8490	47000		952		20	2821	628	
21 feb  tir		31400	31400	0	0				14940	14288	13540	11800	11370	62800		948		16	2939	791	
22 feb  ons		45800	44000	0	0				20640	19703	19160	16370	15590	89800		948		22	3054	1073	
23 feb  tor		55900	55800	0	0				27130	25040	24060	20900	20160	111700		949		0	3123	1474	
24 feb  fre		38300	37000	0	0				17340	16450	16180	13910	13220	75300		948		1	3150	1164	
25 feb  lør		44600	44200	0	0				20680	19980	19340	16390	16070	88800		948		0	3046	1172	
26 feb  søn		28200	27800	0	0				12870	12410	12250	10480	10240	56000		948		1	2892	771	
27 feb  man		40400	39000	0	0				18270	17250	17040	14450	13850	79400		948		2	3801	1010	
28 feb  tir		34200	33200	0	0				15380	14740	14740	12480	11940	67400		947		2	2871	875	
01 mar  ons		34100	32900	0	0				14990	14590	14720	12380	11790	67000		947		1	2848	850	
02 mar  tor		27200	26500	0	0				12190	11760	12040	10020	9700	53700		948		0	2647	713	
03 mar  fre		23600	22900	0	0				12260	11570	11550	9860	3320	46500		948		1	2491	638	
04 mar  lør		23600	23100	0	0				13330	12470	12310	10610	0	46700		949		0	2441	658	
05 mar  søn		31300	31000	0	0				16750	16070	15440	13310	3420	62300		948		0	2555	772	
06 mar  man		22200	21600	0	0				12500	11530	11790	10170	0	43800		951		3	2640	717	
07 mar  tir		21900	21400	0	0				12750	11250	11660	10040	0	43300		952		13	2715	1117	
08 mar  ons		26000	25400	0	0				14680	13490	13820	11630	290	51400		948		18	2748	733	
09 mar  tor		24500	23700	0	0				13380	12510	13190	11170	0	48200		948		16	2648	665	
10 mar  fre		20600	19900	0	0				11340	10400	11250	9860	0	40500		950		21	2539	567	
11 mar  lør		19300	18700	0	0				10350	9620	11210	9460	0	38000		948		15	2553	634	
12 mar  søn		19400	18800	0	0				10700	9650	10820	9580	0	38200		950		21	2682	615	
13 mar  man		20200	19400	4590	2620				7770	7250	7560	6700	5680	39600		949		27	2831	614	
14 mar  tir		20400	19700	4790	4090				7110	7100	7070	6210	6440	40100		949		56	2962	651	
15 mar  ons		20300	19300	4100	4430				7210	7140	6910	6200	6310	39600		948		93	3026	570	
16 mar  tor		20700	19600	4760	4350				7070	7020	7090	6120	6420	40300		946		2	3014	569	
17 mar  fre		46300	44900	12680	15800				19500	0	17010	14420	14620	91200		948		34	3098	1121	
18 mar  lør		41300	39300	16150	13690				16650	0	14840	12690	17020	80600		948		3	4620	1113	
19 mar  søn		45200	43500	12490	15500				18420	0	16290	13880	13890	88700		948		29	3238	1116	
20 mar  man		50800	49100	13750	17650				21690	620	18430	15610	15560	99900		949		45	3215	1243	
21 mar  tir		47000	44900	12480	15660				19180	0	17040	14500	14480	91900		950		41	3163	1127	
22 mar  ons		30700	29800	10660	13240				500	0	14020	11790	12190	60500		949		142	2993	944	
23 mar  tor		26500	25900	10220	11840				0	0	11900	10080	10290	52400		949		38	2852	1049	
24 mar  fre		24900	24100	8240	10250				1590	1520	11000	9250	9320	49000		951		31	2965	842	
25 mar  lør		22400	21600	8700	9920				0	0	10180	8680	8700	44000		925		32	2918	763	
26 mar  søn		22500	21700	8130	9690				0	0	10600	9050	9140	44200		950		31	2945	797	
27 mar  man		22800	21900	8350	9560				0	0	10710	9150	9130	44700		948		38	2847	665	
28 mar  tir		23200	22300	6610	8910				8870	0	8540	7380	7330	45500		949		32	2924	674	
29 mar  ons		33900	32700	8370	10120				2030	0	15530	9390	12900	66600		948		36	4216	766	
30 mar  tor		28700	27600	10360	12500				920	1310	12440	10710	10210	56300		949		31	3054	760	
31 mar  fre		20100	19400	7240	9170				510	140	9130	7940	7740	39500		948		40	2856	563	
01 apr  lør		18500	17800	7220	8410				210	0	8320	7190	7040	36300		948		36	2712	510	
02 apr  søn		17900	17300	6500	7700				0	0	8590	7300	7340	35200		949		31	2769	507	
03 apr  man		20400	19500	11470	8240				3370	0	9300	13330	7830	39900		948		38	4653	713	
04 apr  tir		20000	19200	6830	8240				2220	0	9170	7790	7740	39200		949		32	3003	690	
05 apr  ons		20100	19300	7300	8720				2290	0	8800	7680	7530	39400		950		34	2903	710	
06 apr  tor		19700	19100	9670	10030				2520	0	11620	9840	7030	38800		952		32	4020	568	
07 apr  fre		19100	18500	7620	8130				1980	0	8290	7210	7130	37600		953		34	2885	598	
08 apr  lør		17700	17000	6610	6960				1840	0	8220	7000	7040	34700		952		35	2966	522	
09 apr  søn		18500	17800	7290	7820				1980	0	8050	7020	6890	36300		952		35	2960	551	
10 apr  man		18300	17700	7080	7790				1940	0	8200	7160	6940	36000		950		36	3017	514	
11 apr  tir		25500	24500	9890	10700				2420	0	11130	9580	9090	50000		952		34	3029	644	
12 apr  ons		23500	22600	8460	9490				2010	0	10660	9070	8740	46100		953		38	3059	656	
13 apr  tor		18200	17400	6820	8000				1730	0	8040	7110	6840	35600		951		33	3042	546	
14 apr  fre		40800	39100	14480	17110				3030	0	17650	15090	14040	79900		952		38	3092	996	
15 apr  lør		56700	55100	19960	24190				3570	0	24590	21330	19680	111800		952		32	3130	1286	
16 apr  søn		33500	32000	11610	13660				2190	0	15020	12820	11960	65500		952		38	3142	854	
17 apr  man		22100	21300	8190	9030				1580	0	10100	8730	8260	43400		951		32	3111	609	
18 apr  tir		22300	21400	8100	9160				1650	0	10240	8740	8250	43700		952		39	3016	737	
19 apr  ons		19900	19300	9020	3140				1770	90	10500	9050	8360	39200		953		33	2915	565	
20 apr  tor		20400	19400	7950	6880				1580	0	9790	8410	7890	39800		953		40	2880	551	
21 apr  fre		22300	21300	8160	9350				1550	0	10160	8730	8170	43600		951		34	2891	590	
22 apr  lør		18800	18100	7360	8280				1260	0	8460	7400	6950	36900		951		36	2911	548	
23 apr  søn		18700	17700	6880	7580				1190	0	8820	7550	7260	36400		951		33	2959	522	
24 apr  man		20200	19200	7430	8310				1310	0	9440	8110	7780	39400		951		39	3019	606	
25 apr  tir		21900	21000	7950	9420				1600	0	9920	8670	8140	42900		952		31	3065	632	
26 apr  ons		24800	24000	8870	10300				1830	0	11400	9810	9250	48800		951		39	3075	747	
27 apr  tor		28600	27800	8810	10510				9760	0	11330	9840	9270	56400		953		32	3031	739	
28 apr  fre		35100	33800	9950	11830				15160	0	12780	11040	10350	68900		950		40	3126	892	
29 apr  lør		18600	17900	5950	6360				8060	0	6800	6150	5970	36500		952		31	3112	552	
30 apr  søn		17600	17000	5140	5570				7210	0	7100	6140	6140	34600		952		39	2961	522	
Antal		486	486	486	486				486	486	486	486	486	486		486		486	486	486	
Total		12755600	13338400	3169480	3587390				4212530	4076060	4546720	3913800	3688630	26094000		558531		9871	902902	305299	
Gennemsnit		26246	27445	6522	7381				8668	8387	9355	8053	7590	53691		1149		20	1858	628	
																					
																					
