																																	
																																	
	Rapportperiode: 01-01-2016  -  01-05-2017																																
															Ejby Mølle Renseanlæg																		
																																	
	Kontaktfilterrapport: januar 2016																																
																																	
																																	
																																	
																																	
			Tilløb Kontaktfilter				Udløb Kontaktfilter							Skyllevand Kontaktfilter					Jern Kontaktfilter			Flow fra BF2				Slamvand Fra Kontaktfilter				KWH Kontaktfilter			
			Flow	Max time		Min time	Flow		Max time	Min time				Flow		Max time		Min time	Flow	Max time	Min time	Flow	Max time	Min time		Flow		Max time	Min time	KWH	Max time		Min time
Dato			m³	m³		m³	m³		m³	m³				m³		m³		m³	l	l	l	m³	m³	m³		m³		m³	m³	kWh	kW		kW
01 jan  fre			36900				28900							5730					901			30800	0	0		6970				4235			
02 jan  lør			38500				30500							6260					730			24500	0	0		6750				4249			
03 jan  søn			41800				34500							6090					638			20600	0	0		6430				4194			
04 jan  man			41200				34500							5390					543			16400	0	0		5720				3826			
05 jan  tir			38600				32700							4000					196			15800	0	0		5060				3347			
06 jan  ons			42300				37900							2520					395			10400	0	0		3620				2886			
07 jan  tor			47800				43800							2150					255			5500	0	0		3200				2809			
08 jan  fre			47600				41900							3130					483			16300	0	0		4900				3395			
09 jan  lør			47000				42600							2220					279			8300	0	0		3690				2883			
10 jan  søn			50800				44700							3590					553			22700	0	0		5350				3793			
11 jan  man			43800				38200							3630					385			9100	0	0		4910				3130			
12 jan  tir			55700				47800							4370					791			44300	0	0		7100				4383			
13 jan  ons			50200				42000							4820					904			46300	0	0		7390				4535			
14 jan  tor			41500				33200							4910					969			36200	0	0		7300				4293			
15 jan  fre			38600				31000							6180					643			16700	0	0		6550				3831			
16 jan  lør			47000				42700							3220					328			8200	0	0		3890				2983			
17 jan  søn			48500				45600							2220					207			5000	0	0		2770				2652			
18 jan  man			46200				40300							5450					336			8100	0	0		5030				3281			
19 jan  tir			44800				40300							3380					299			6800	0	0		3820				2887			
20 jan  ons			54000				53500							0					0			0	0	0		190				2001			
21 jan  tor			51800				51400							0					0			0	0	0		0				1932			
22 jan  fre			49900				46500							3770					77			1600	0	0		2790				2712			
23 jan  lør			48700				44000							3110					560			21400	0	0		4250				3342			
24 jan  søn			53900				46100							5320					907			48800	0	0		7320				4772			
25 jan  man			36100				28400							5230					873			29300	0	0		6910				4081			
26 jan  tir			44300				36400							5830					817			29800	0	0		6920				4274			
27 jan  ons			40400				32500							6200					782			27200	0	0		6770				4060			
28 jan  tor			38100				30900							7030					566			14000	0	0		6250				3812			
29 jan  fre			53600				45900							5650					858			48200	0	0		7030				4764			
30 jan  lør			68700				60800							5190					1067			68400	0	0		7420				5399			
31 jan  søn			60600				52800							5020					1043			60400	0	0		7350				5163			
01 feb  man			65700				57900							4700					1034			65500	0	0		7300				5311			
02 feb  tir			54300				46500							5110					1024			54100	0	0		7160				5050			
03 feb  ons			54000				46200							4950					1006			53800	0	0		6960				5006			
04 feb  tor			44100				36400							4980					942			41300	0	0		6800				4513			
05 feb  fre			43800				36500							5030					828			39400	0	0		6420				4453			
06 feb  lør			43000				35700							5620					644			25000	0	0		6170				4109			
07 feb  søn			47600				40900							6270					268			17600	0	0		6000				4118			
08 feb  man			72700				65300							4820					51			72500	0	0		6840				5405			
09 feb  tir			69200				61500							4880					52			69000	0	0		7010				5360			
10 feb  ons			57300				49700							4880					800			55700	0	0		7050				4979			
11 feb  tor			44500				36900							4870					1083			44300	0	0		6860				4556			
12 feb  fre			39200				31700							4840					1058			39000	0	0		6370				4454			
13 feb  lør			37200				30400							5210					804			26700	0	0		5900				4168			
14 feb  søn			43300				37300							5440					656			18900	0	0		5610				4093			
15 feb  man			46700				40500							5270					454			13000	0	0		5160				3629			
16 feb  tir			50000				44600							5090					345			9000	0	0		4790				3499			
17 feb  ons			48300				42200							6220					388			10400	0	0		5370				3614			
18 feb  tor			50200				44700							6160					301			7700	0	0		5250				3442			
19 feb  fre			56500				53500							3910					115			3000	0	0		2930				2893			
20 feb  lør			53100				45400							5160					1010			48700	0	0		6960				4590			
21 feb  søn			50700				43500							5520					858			42900	0	0		6770				4581			
22 feb  man			42000				34600							6220					782			25400	0	0		6620				4234			
23 feb  tir			45400				39500							5060					528			16800	0	0		5220				3762			
24 feb  ons			47900				42700							5110					383			9900	0	0		4750				3531			
25 feb  tor			49300				44300							5170					319			8500	0	0		4510				3388			
26 feb  fre			47600				44100							3080					267			6400	0	0		2900				2829			
27 feb  lør			52700				51600							900					73			1700	0	0		940				2211			
28 feb  søn			54400				54200							0					0			0	0	0		0				2014			
29 feb  man			52400				47900							5310					137			3400	0	0		4260				3110			
01 mar  tir			46300				40500							5480					445			13300	0	0		5080				3561			
02 mar  ons			65200				58300							5150					1008			63100	0	0		7220				5203			
03 mar  tor			33500				25900							5900					826			24000	0	0		6640				3877			
04 mar  fre			38900				31900							6390					564			16100	0	0		5890				3643			
05 mar  lør			69500				62400							5360					837			65600	0	0		7230				5132			
06 mar  søn			50100				42500							4980					823			44700	0	0		6940				4663			
07 mar  man			42500				34600							5860					883			35200	0	0		6870				4266			
08 mar  tir			40100				32900							6330					628			20900	0	0		6460				3898			
09 mar  ons			38800				32200							5250					618			18100	0	0		5660				3611			
10 mar  tor			62700				56800							5170					522			13200	0	0		5540				3786			
11 mar  fre			63900				60100							4340					398			9700	0	0		4280				3440			
12 mar  lør			61100				57500							3890					238			5100	0	0		3540				3094			
13 mar  søn			59500				56300							3970					74			1500	0	0		2890				2905			
14 mar  man			57300				54700							2650					116			2400	0	0		2280				2650			
15 mar  tir			52100				49200							2950					113			2500	0	0		2330				2572			
16 mar  ons			53500				51000							2890					49			1300	0	0		2320				2511			
17 mar  tor			50000				46000							4180					147			3700	0	0		3410				2767			
18 mar  fre			52200				50700							1230					55			1400	0	0		1120				2160			
19 mar  lør			50900				50600							0					0			0	0	0		0				1856			
20 mar  søn			49000				48900							0					0			0	0	0		0				1885			
21 mar  man			54600				52400							2800					35			1300	0	0		2190				2572			
22 mar  tir			49800				49600							0					0			0	0	0		0				1839			
23 mar  ons			49000				48500							0					0			0	0	0		0				1828			
24 mar  tor			48900				48600							0					0			0	0	0		0				1808			
25 mar  fre			46500				46300							0					0			0	0	0		0				1722			
26 mar  lør			43200				43200							0					0			0	0	0		0				1614			
27 mar  søn			54600				51400							3390					186			11600	0	0		3070				2804			
28 mar  man			50800				50900							0					0			0	0	0		0				1939			
29 mar  tir			50200				50100							0					0			0	0	0		0				1864			
30 mar  ons			52300				48400							4210					188			7500	0	0		3540				2909			
31 mar  tor			47800				47500							0					0			0	0	0		0				1788			
01 apr  fre			45800				45400							0					0			0	0	0		0				1695			
02 apr  lør			44100				43700							0					0			0	0	0		0				1629			
03 apr  søn			44200				43900							0					0			0	0	0		0				1696			
04 apr  man			52200				49000							2330					313			14400	0	0		2880				2863			
05 apr  tir			65900				59600							5350					715			41500	0	0		6160				4331			
06 apr  ons			48900				40900							6000					949			39700	0	0		7160				4280			
07 apr  tor			44800				37200							5990					803			31000	0	0		7060				4072			
08 apr  fre			53000				50800							2540					164			5000	0	0		2170				2547			
09 apr  lør			50200				49800							0					0			0	0	0		0				1814			
10 apr  søn			48400				48300							0					0			0	0	0		0				1819			
11 apr  man			50500				50200							0					0			0	0	0		80				1851			
12 apr  tir			50700				46900							2370					364			15500	0	0		3630				2941			
13 apr  ons			51700				49100							3300					0			0	0	0		2260				2402			
14 apr  tor			54200				52200							1630					105			6600	0	0		1600				2399			
15 apr  fre			51900				46800							5560					260			9300	0	0		4810				3162			
16 apr  lør			47700				46200							780					126			4800	0	0		1070				2054			
17 apr  søn			45900				45700							0					0			0	0	0		0				1729			
18 apr  man			53300				49400							4660					10			400	0	0		3580				2729			
19 apr  tir			48100				46400							1800					5			200	0	0		1380				2093			
20 apr  ons			46000				43600							3070					0			0	0	0		1960				2153			
21 apr  tor			46800				44300							3080					0			0	0	0		2020				2187			
22 apr  fre			43800				41500							3040					0			0	0	0		1970				2109			
23 apr  lør			43000				40800							2750					0			0	0	0		1700				2041			
24 apr  søn			45200				43100							2760					0			0	0	0		1750				2138			
25 apr  man			52400				49800							2880					158			11000	0	0		2420				2614			
26 apr  tir			54400				49000							5330					451			20700	0	0		5150				3534			
27 apr  ons			56100				49100							6790					617			29800	0	0		6280				4049			
28 apr  tor			53700				49000							7270					20			800	0	0		4810				3087			
29 apr  fre			63700				57700							5490					656			43300	2	0		5750				4238			
30 apr  lør			50300				43500							6040					721			28100	108	1		6500				3910			
01 maj  søn			54600				49400							6740					82			2100	8	1		4630				3140			
02 maj  man			55900				52000							6030					5			200	2	0		3890				2905			
03 maj  tir			56800				53000							5480					34			1400	0	0		3630				2888			
04 maj  ons			51600				49200							3180					0			0	0	0		2000				2343			
05 maj  tor			48400				45900							3180					0			0	0	0		1970				2223			
06 maj  fre			49100				46400							3190					0			0	0	0		2010				2307			
07 maj  lør			46700				44300							3200					0			0	0	0		2010				2241			
08 maj  søn			46500				44200							3200					0			0	0	0		2010				2290			
09 maj  man			49200				46800							3200					0			0	0	0		1990				2315			
10 maj  tir			50500				48000							3200					0			0	0	0		2010				2348			
11 maj  ons			35800				32900							3190					0			0	0	0		1980				2037			
12 maj  tor			47100				44600							3200					0			0	0	0		2020				2235			
13 maj  fre			48200				45800							3190					0			0	0	0		1980				2253			
14 maj  lør			42400				39800							3200					0			0	0	0		2020				2034			
15 maj  søn			43100				40900							3200					0			0	0	0		1980				2067			
16 maj  man			42000				39800							3190					0			0	0	0		1960				2100			
17 maj  tir			43500				41300							3200					0			0	0	0		1990				2109			
18 maj  ons			44500				42100							3200					0			0	0	0		2030				2148			
19 maj  tor			43500				40900							3210					0			0	0	0		2000				2113			
20 maj  fre			42000				39300							3200					0			0	0	0		2020				2055			
21 maj  lør			45500				42300							2530					316			15000	0	0		2580				2744			
22 maj  søn			50500				46500							5140					127			6800	0	0		3640				2989			
23 maj  man			58100				53400							5280					368			18400	0	0		4690				3620			
24 maj  tir			47400				43000							6100					5			300	0	0		3820				2658			
25 maj  ons			41500				39000							3210					0			0	0	0		2000				2036			
26 maj  tor			41200				38600							3200					0			0	0	0		1960				2032			
27 maj  fre			40500				38200							2870					0			0	0	0		1840				1982			
28 maj  lør			38300				35600							3200					0			0	0	0		1930				1908			
29 maj  søn			41800				39100							3210					2			200	0	0		1960				2109			
30 maj  man			50300				45000							6360					211			10800	0	0		4770				3242			
31 maj  tir			46800				42200							6170					4			400	0	0		3900				2658			
01 jun  ons			41300				38500							3240					0			0	0	0		2010				2052			
02 jun  tor			40800				38100							3240					0			0	0	0		2000				2061			
03 jun  fre			39600				37200							3240					0			0	0	0		2000				2010			
04 jun  lør			36400				34100							2820					0			0	0	0		1790				1828			
05 jun  søn			36000				33900							2820					0			0	0	0		1840				1863			
06 jun  man			1500				2900							990					0			0	0	0		410				881			
07 jun  tir			28100				26000							0					0			0	0	0		10				1333			
08 jun  ons			40700				37000							5740					0			0	0	0		3500				2363			
09 jun  tor			38700				36600							2890					0			0	0	0		1740				1878			
10 jun  fre			38000				35900							2880					0			0	0	0		1750				1824			
11 jun  lør			35000				33000							2870					0			0	0	0		1710				1713			
12 jun  søn			34800				32900							2890					0			0	0	0		1750				1740			
13 jun  man			42900				41100							2890					0			0	0	0		1720				2032			
14 jun  tir			37900				36000							2890					0			0	0	0		1710				1825			
15 jun  ons			42800				40500							2120					228			9500	0	0		2130				2397			
16 jun  tor			53400				49300							5680					167			10200	0	0		4180				3160			
17 jun  fre			45400				44300							750					104			3600	0	0		950				2042			
18 jun  lør			36700				34900							2920					0			0	0	0		1720				1756			
19 jun  søn			33800				32000							2900					0			0	0	0		1730				1743			
20 jun  man			54400				50500							3590					407			29600	0	0		3920				3501			
21 jun  tir			56600				53400							4740					135			5000	0	0		3480				3043			
22 jun  ons			43100				39700							4610					49			1400	0	0		3010				2406			
23 jun  tor			37800				35900							2930					0			0	0	0		1750				1830			
24 jun  fre			37500				35600							2940					0			0	0	0		1720				1813			
25 jun  lør			50500				47100							3430					272			17200	0	0		3100				3060			
26 jun  søn			53500				50200							5660					10			300	0	0		3640				2837			
27 jun  man			48100				46400							2940					0			0	0	0		1770				2207			
28 jun  tir			38400				36500							2920					0			0	0	0		1710				1837			
29 jun  ons			43500				38800							7000					119			3300	0	0		4390				2840			
30 jun  tor			54900				51700							4030					195			12900	0	0		3240				3040			
01 jul  fre			60800				55300							6830					468			27700	0	0		5810				4208			
02 jul  lør			49200				44000							7640					191			5500	0	0		5280				3302			
03 jul  søn			48400				45200							5560					2			200	0	0		3390				2649			
04 jul  man			40500				38700							2950					0			0	0	0		1730				1979			
05 jul  tir			49100				42800							5030					837			38800	0	0		5800				4220			
06 jul  ons			60000				56200							7370					9			600	0	0		4660				3304			
07 jul  tor			40200				38200							2610					0			0	0	0		1800				1936			
08 jul  fre			54500				51500							3190					238			14400	0	0		2810				3183			
09 jul  lør			46500				44000							4080					20			1700	0	0		2660				2335			
10 jul  søn			49900				47300							2680					296			15600	0	0		2810				2935			
11 jul  man			52800				50400							3060					172			10700	0	0		2460				2836			
12 jul  tir			46800				45300							2940					0			0	0	0		1710				2165			
13 jul  ons			40300				38500							2920					0			0	0	0		1750				1942			
14 jul  tor			45100				43000							2410					173			9600	0	0		2200				2605			
15 jul  fre			36400				34400							2920					0			0	0	0		1750				1841			
16 jul  lør			36500				34500							2910					0			0	0	0		1700				1812			
17 jul  søn			35600				33800							2900					0			0	0	0		1680				1775			
18 jul  man			35200				33200							2910					0			0	0	0		1730				1771			
19 jul  tir			34400				32500							2910					0			0	0	0		1740				1736			
20 jul  ons			34400				32300							2900					0			0	0	0		1710				1738			
21 jul  tor			31100				30900							0					0			0	0	0		0				1351			
22 jul  fre			30500				30200							0					0			0	0	0		0				1272			
23 jul  lør			28800				28300							0					0			0	0	0		0				1179			
24 jul  søn			28500				28200							0					0			0	0	0		0				1181			
25 jul  man			37600				34100							5230					39			1100	0	0		3350				2252			
26 jul  tir			30500				30200							0					0			0	0	0		0				1246			
27 jul  ons			33500				33100							0					0			0	0	0		0				1320			
28 jul  tor			30100				30000							0					0			0	0	0		0				1227			
29 jul  fre			48800				43600							4880					497			22100	0	0		5070				3723			
30 jul  lør			48000				44600							4240					255			12400	0	0		3360				2970			
31 jul  søn			30900				30600							0					0			0	0	0		0				1242			
01 aug  man			40900				38800							1050					91			6200	0	0		1080				1965			
02 aug  tir			35300				34600							0					0			0	0	0		0				1362			
03 aug  ons			53300				49400							3150					260			16800	0	0		3250				3243			
04 aug  tor			44900				44300							0					0			0	0	0		0				1703			
05 aug  fre			37800				35900							2300					9			400	0	0		1550				1888			
06 aug  lør			35400				33400							1360					56			2000	0	0		1210				1781			
07 aug  søn			31500				30600							0					0			0	0	0		0				1315			
08 aug  man			41200				38800							2590					2			100	0	0		1660				1952			
09 aug  tir			38100				35800							2290					6			300	0	0		1540				1813			
10 aug  ons			38300				35900							2300					5			200	0	0		1550				1816			
11 aug  tor			33700				32800							0					0			0	0	0		0				1328			
12 aug  fre			32400				31700							0					0			0	0	0		0				1289			
13 aug  lør			30400				29700							0					0			0	0	0		0				1228			
14 aug  søn			36400				32800							3340					127			4900	0	0		2630				2219			
15 aug  man			33600				32900							0					0			0	0	0		0				1293			
16 aug  tir			33700				32900							0					0			0	0	0		0				1307			
17 aug  ons			32600				31900							0					0			0	0	0		0				1287			
18 aug  tor			33600				32800							0					0			0	0	0		0				1308			
19 aug  fre			32900				32600							0					0			0	0	0		0				1306			
20 aug  lør			31100				30600							0					0			0	0	0		0				1243			
21 aug  søn			30800				30100							0					0			0	0	0		0				1245			
22 aug  man			52900				47800							4580					254			16200	0	0		4260				3336			
23 aug  tir			2300				2400							210					0			0	0	0		590				935			
24 aug  ons			1100				100							0					0			0	0	0		0				842			
25 aug  tor			600				0							0					0			0	0	0		0				754			
26 aug  fre			30600				28700							0					0			0	0	0		10				1326			
27 aug  lør			35100				33800							430					57			5300	0	0		450				1579			
28 aug  søn			48300				43200							3890					398			21600	0	0		4280				3387			
29 aug  man			34700				33800							0					0			0	0	0		20				1390			
30 aug  tir			34400				33500							0					0			0	0	0		0				1393			
31 aug  ons			35300				34400							0					0			0	0	0		0				1414			
01 sep  tor			37000				36000							0					0			0	0	0		0				1584			
02 sep  fre			36800				35800							0					0			0	0	0		0				1612			
03 sep  lør			38700				37200							360					62			4300	0	0		420				1819			
04 sep  søn			68500				60600							6230					877			56600	0	0		6920				5527			
05 sep  man			51800				45900							5160					232			7300	0	0		4510				3468			
06 sep  tir			37400				36600							0					0			0	0	0		0				1454			
07 sep  ons			37300				36200							490					0			0	0	0		60				1584			
08 sep  tor			36900				35800							0					0			0	0	0		0				1468			
09 sep  fre			35100				34000							0					0			0	0	0		0				1386			
10 sep  lør			32300				31300							0					0			0	0	0		0				1301			
11 sep  søn			31900				31000							0					0			0	0	0		0				1302			
12 sep  man			34900				33800							0					0			0	0	0		0				1351			
13 sep  tir			34700				33800							0					0			0	0	0		0				1367			
14 sep  ons			34500				33500							0					0			0	0	0		0				1400			
15 sep  tor			34900				33900							0					0			0	0	0		0				1376			
16 sep  fre			33900				31700							2870					0			0	0	0		1810				1733			
17 sep  lør			31000				30300							0					0			0	0	0		0				1259			
18 sep  søn			30900				30000							0					0			0	0	0		0				1281			
19 sep  man			34400				33400							0					0			0	0	0		0				1353			
20 sep  tir			36400				35100							100					6			300	0	0		150				1456			
21 sep  ons			38300				36300							1230					38			1200	0	0		1030				1735			
22 sep  tor			34700				33700							0					0			0	0	0		0				1352			
23 sep  fre			32600				31600							0					0			0	0	0		0				1295			
24 sep  lør			30500				29600							0					0			0	0	0		0				1234			
25 sep  søn			30500				29400							0					0			0	0	0		0				1270			
26 sep  man			45100				42000							2100					172			11700	0	0		2190				2436			
27 sep  tir			32700				31900							0					0			0	0	0		0				1350			
28 sep  ons			32600				31700							0					0			0	0	0		0				1316			
29 sep  tor			51000				46700							3770					237			14100	0	0		3480				3050			
30 sep  fre			40300				39500							0					0			0	0	0		0				1574			
01 okt  lør			34600				32800							530					83			4500	0	0		630				1589			
02 okt  søn			55900				50200							6280					365			20000	0	0		5030				3742			
03 okt  man			55900				48700							5710					511			24600	0	0		6150				4110			
04 okt  tir			40800				40500							0					0			0	0	0		0				1616			
05 okt  ons			34700				33800							0					0			0	0	0		0				1434			
06 okt  tor			34500				33600							0					0			0	0	0		0				1410			
07 okt  fre			33400				32600							0					0			0	0	0		0				1343			
08 okt  lør			33200				32500							0					0			0	0	0		0				1335			
09 okt  søn			38300				33700							4030					230			8500	0	0		3510				2575			
10 okt  man			42200				39600							1450					210			10800	0	0		1830				2257			
11 okt  tir			34600				33800							0					0			0	0	0		0				1383			
12 okt  ons			34000				33300							0					0			0	0	0		0				1357			
13 okt  tor			36100				35500							0					0			0	0	0		0				1445			
14 okt  fre			32800				32100							0					0			0	0	0		0				1336			
15 okt  lør			36700				34900							1610					53			1400	0	0		1290				1815			
16 okt  søn			30900				30300							0					0			0	0	0		0				1272			
17 okt  man			32700				32000							0					0			0	0	0		0				1297			
18 okt  tir			41200				40000							410					55			3700	0	0		450				1755			
19 okt  ons			59200				50800							6520					907			53400	0	0		7480				5111			
20 okt  tor			48500				43100							4890					338			12000	0	0		4680				3407			
21 okt  fre			55100				46900							6290					617			40700	0	0		7190				4713			
22 okt  lør			49400				46900							2370					67			3700	0	0		2230				2510			
23 okt  søn			52500				46500							4400					32			38900	0	0		5250				4000			
24 okt  man			44400				38400							5480					306			9700	0	0		4960				3530			
25 okt  tir			43600				43600							0					0			0	0	0		0				1682			
26 okt  ons			45800				43600							1660					92			3600	0	0		1360				2218			
27 okt  tor			43200				41400							2450					0			0	0	0		1470				1966			
28 okt  fre			40200				39700							0					0			0	0	0		0				1585			
29 okt  lør			35800				35100							0					0			0	0	0		0				1421			
30 okt  søn			34300				33700							0					0			0	0	0		0				1387			
31 okt  man			36100				35400							0					0			0	0	0		0				1433			
01 nov  tir			36800				36100							0					0			0	0	0		0				1472			
02 nov  ons			42300				40300							2230					8			300	0	0		1540				1975			
03 nov  tor			42100				40700							410					8			300	0	0		330				1739			
04 nov  fre			49500				45800							3500					275			14100	0	0		3050				2911			
05 nov  lør			57500				51400							6470					446			23400	0	0		5390				4005			
06 nov  søn			43100				41200							1800					48			1300	0	0		1470				2071			
07 nov  man			35100				34600							5					0			0	0	0		14				1419			
08 nov  tir			38300				37800							5					0			0	0	0		14				1504			
09 nov  ons			44400				40700							2390					312			10400	0	0		2711				2760			
10 nov  tor			46000				45500							0					0			0	0	0		0				1761			
11 nov  fre			42800				42500							0					0			0	0	0		0				1668			
12 nov  lør			36900				36300							0					0			0	0	0		0				1486			
13 nov  søn			36200				35700							0					0			0	0	0		0				1512			
14 nov  man			46900				43000							2670					337			13700	0	0		3010				2888			
15 nov  tir			42000				41500							0					0			0	0	0		0				1660			
16 nov  ons			44800				42000							2270					60			3600	0	0		2170				2419			
17 nov  tor			52000				46500							4270					542			25000	0	0		4740				3778			
18 nov  fre			59200				51200							6580					847			42100	0	0		7320				4924			
19 nov  lør			51000				44400							5760					357			8900	0	0		5260				3690			
20 nov  søn			55700				51000							4930					385			22700	0	0		4450				3699			
21 nov  man			52000				47600							5160					126			3800	0	0		3890				3081			
22 nov  tir			45900				45300							0					0			0	0	0		0				1765			
23 nov  ons			43600				43000							0					0			0	0	0		0				1679			
24 nov  tor			41900				41100							0					0			0	0	0		0				1653			
25 nov  fre			40900				40200							0					0			0	0	0		0				1587			
26 nov  lør			39100				38400							0					0			0	0	0		0				1515			
27 nov  søn			37100				36600							0					0			0	0	0		0				1472			
28 nov  man			38800				38100							0					0			0	0	0		0				1520			
29 nov  tir			40000				39400							0					0			0	0	0		0				1555			
30 nov  ons			48400				45700							2220					164			4900	0	0		2230				2561			
01 dec  tor			43200				40500							2600					141			4700	0	0		2180				2387			
02 dec  fre			38300				37500							0					0			0	0	0		0				1528			
03 dec  lør			36200				35400							0					0			0	0	0		0				1431			
04 dec  søn			35700				35200							0					0			0	0	0		0				1429			
05 dec  man			38500				37800							0					0			0	0	0		0				1507			
06 dec  tir			37500				36700							0					0			0	0	0		0				1501			
07 dec  ons			45100				42400							2240					175			9500	0	0		2240				2517			
08 dec  tor			2500				2000							2040					0			0	0	0		1110				1006			
09 dec  fre			37100				32500							2300					214			6700	0	0		2450				2551			
10 dec  lør			48200				42900							5760					171			5100	0	0		4350				3098			
11 dec  søn			47300				43800							3240					202			6400	0	0		2920				2865			
12 dec  man			43400				39300							5420					0			0	0	0		3310				2429			
13 dec  tir			39800				38900							430					0			0	0	0		140				1626			
14 dec  ons			38600				37700							0					0			0	0	0		0				1493			
15 dec  tor			38100				37300							0					0			0	0	0		0				1513			
16 dec  fre			37400				36600							0					0			0	0	0		0				1498			
17 dec  lør			40100				38500							1110					10			400	0	0		730				1770			
18 dec  søn			36700				35400							940					0			0	0	0		690				1577			
19 dec  man			37800				36900							0					0			0	0	0		0				1468			
20 dec  tir			37300				36400							0					0			0	0	0		0				1497			
21 dec  ons			37500				36700							0					0			0	0	0		0				1486			
22 dec  tor			43600				41500							1300					163			7100	0	0		1460				2200			
23 dec  fre			52300				48000							3530					305			14900	0	0		3550				3230			
24 dec  lør			54900				50600							5340					127			5100	0	0		3880				3122			
25 dec  søn			44100				41400							2240					164			6300	0	0		2130				2356			
26 dec  man			47700				43100							5310					147			3200	0	0		3820				2914			
27 dec  tir			36700				36000							0					0			0	0	0		0				1409			
28 dec  ons			36500				36000							0					0			0	0	0		0				1428			
29 dec  tor			36700				35900							0					0			0	0	0		0				1425			
30 dec  fre			37200				36500							0					0			0	0	0		0				1421			
31 dec  lør			38100				37300							0					0			0	0	0		0				1461			
01 jan  søn			52400				47600							4810					350			19300	0	0		4390				3317			
02 jan  man			39000				38300							0					0			0	0	0		0				1480			
03 jan  tir			45500				41600							2600					324			12300	0	0		2910				2833			
04 jan  ons			41000				40600							0					0			0	0	0		0				1560			
05 jan  tor			36700				36000							0					0			0	0	0		0				1482			
06 jan  fre			37100				36200							0					0			0	0	0		0				1489			
07 jan  lør			39900				39300							0					0			0	0	0		0				1540			
08 jan  søn			35500				34900							0					0			0	0	0		0				1366			
09 jan  man			40600				39900							0					0			0	0	0		0				1547			
10 jan  tir			38700				38000							0					0			0	0	0		80				1585			
11 jan  ons			55800				48500							5940					748			35900	0	0		6460				4513			
12 jan  tor			50500				45800							4460					296			9000	0	0		3850				3170			
13 jan  fre			44500				43900							0					0			0	0	0		0				1651			
14 jan  lør			42000				41500							0					0			0	0	0		0				1581			
15 jan  søn			39400				38700							0					0			0	0	0		0				1505			
16 jan  man			39600				38900							0					0			0	0	0		0				1525			
17 jan  tir			39100				38600							0					0			0	0	0		0				1529			
18 jan  ons			39500				38800							0					0			0	0	0		0				1530			
19 jan  tor			40900				40300							0					0			0	0	0		0				1583			
20 jan  fre			39000				38300							0					0			0	0	0		0				1508			
21 jan  lør			37700				36900							60					0			0	0	0		130				1498			
22 jan  søn			38000				35900							2310					0			0	0	0		1570				1888			
23 jan  man			39700				39200							0					0			0	0	0		0				1512			
24 jan  tir			38800				38000							0					0			0	0	0		0				1511			
25 jan  ons			37300				36800							0					0			0	0	0		0				1569			
26 jan  tor			37400				36800							0					0			0	0	0		0				1502			
27 jan  fre			37400				36700							0					0			0	0	0		0				1499			
28 jan  lør			35200				34600							0					0			0	0	0		0				1454			
29 jan  søn			40600				38700							1390					30			800	0	0		1240				1919			
30 jan  man			45700				42500							3920					74			1800	0	0		2630				2497			
31 jan  tir			36800				36000							0					0			0	0	0		0				1443			
01 feb  ons			36400				35800							0					0			0	0	0		0				1493			
02 feb  tor			36800				36000							0					0			0	0	0		0				1479			
03 feb  fre			38300				37500							0					0			0	0	0		0				1512			
04 feb  lør			38400				37800							0					0			0	0	0		0				1496			
05 feb  søn			43100				40500							1390					133			3300	0	0		1810				2320			
06 feb  man			37900				37300							0					0			0	0	0		0				1487			
07 feb  tir			36900				36000							0					0			0	0	0		0				1489			
08 feb  ons			36800				36100							0					0			0	0	0		0				1485			
09 feb  tor			38900				38200							0					0			0	0	0		0				1557			
10 feb  fre			35700				35100							0					0			0	0	0		0				1448			
11 feb  lør			36000				35300							0					0			0	0	0		0				1427			
12 feb  søn			33300				32500							0					0			0	0	0		0				1325			
13 feb  man			36700				34400							2630					0			0	0	0		1690				1847			
14 feb  tir			36000				35100							0					0			0	0	0		0				1459			
15 feb  ons			38100				37300							0					0			0	0	0		0				1506			
16 feb  tor			40600				39900							0					0			0	0	0		0				1582			
17 feb  fre			39400				37200							2380					6			300	0	0		1460				1927			
18 feb  lør			35200				34200							0					0			0	0	0		0				1406			
19 feb  søn			43100				41200							1140					83			2500	0	0		1060				2047			
20 feb  man			45800				44200							1180					33			700	0	0		1090				2029			
21 feb  tir			50400				46800							3230					170			12400	0	0		2620				2705			
22 feb  ons			49100				41700							6020					671			23300	0	0		6440				4163			
23 feb  tor			64800				59300							4080					740			48400	0	0		5310				4546			
24 feb  fre			46400				39300							5760					576			16500	0	0		5850				3926			
25 feb  lør			53800				48400							4260					570			28600	0	0		4740				3898			
26 feb  søn			55900				54400							1620					10			400	0	0		1170				2388			
27 feb  man			53000				48500							2920					438			16900	0	0		3630				3429			
28 feb  tir			54800				50600							4790					231			11100	0	0		3530				3337			
01 mar  ons			52500				48700							4380					241			8900	0	0		3580				3205			
02 mar  tor			48900				45500							4900					106			2100	0	0		3370				2764			
03 mar  fre			46400				46300							0					0			0	0	0		0				1787			
04 mar  lør			47100				46900							0					0			0	0	0		0				1786			
05 mar  søn			46800				43200							3720					264			13700	0	0		3360				2925			
06 mar  man			44200				43900							0					0			0	0	0		0				1741			
07 mar  tir			43700				43100							0					0			0	0	0		0				1693			
08 mar  ons			46600				43200							4810					107			3000	0	0		2450				2673			
09 mar  tor			47800				46100							1850					12			300	0	0		1280				2239			
10 mar  fre			41000				40400							230					0			0	0	0		260				2023			
11 mar  lør			38900				38400							0					0			0	0	0		0				1523			
12 mar  søn			38900				38300							0					0			0	0	0		0				1569			
13 mar  man			39400				38500							0					0			0	0	0		0				1585			
14 mar  tir			40700				40100							0					0			0	0	0		0				1609			
15 mar  ons			39900				39500							0					0			0	0	0		0				1926			
16 mar  tor			40100				39700							0					0			0	0	0		0				1564			
17 mar  fre			59600				53900							4420					609			37500	0	0		5210				4196			
18 mar  lør			48400				40900							6920					703			30300	0	0		6940				4308			
19 mar  søn			51400				45300							4390					752			37900	0	0		5570				4327			
20 mar  man			54200				46100							6120					940			48500	0	0		7200				4974			
21 mar  tir			41400				33100							5890					1046			41200	0	0		7640				4680			
22 mar  ons			31800				25800							5160					611			13100	0	0		4620				3342			
23 mar  tor			46100				43500							3020					141			5700	0	0		2140				2600			
24 mar  fre			46000				43300							3320					69			3500	0	0		2180				2422			
25 mar  lør			42500				40700							1430					35			1900	0	0		1100				1929			
26 mar  søn			44300				42100							2370					5			1300	0	0		1490				1996			
27 mar  man			44800				44100							80					6			300	0	0		80				2185			
28 mar  tir			44900				42800							1930					19			1400	0	0		1470				2075			
29 mar  ons			47800				44300							4580					9			2300	0	0		2860				2501			
30 mar  tor			38400				33300							4400					346			9400	23	0		3900				2857			
31 mar  fre			40300				40000							0					0			0	5	4		0				1568			
01 apr  lør			36900				36500							0					0			0	5	4		0				1462			
02 apr  søn			35500				35400							0					0			0	5	4		0				1418			
03 apr  man			38700				38200							0					0			0	5	3		0				1513			
04 apr  tir			39200				38900							0					0			0	4	3		0				1540			
05 apr  ons			39600				39200							0					0			0	4	3		0				1543			
06 apr  tor			39800				39100							0					0			0	4	3		0				1567			
07 apr  fre			38400				37700							70					0			0	4	3		60				1544			
08 apr  lør			35500				34700							0					0			0	4	3		0				1410			
09 apr  søn			36600				34400							2580					0			0	4	3		1600				1803			
10 apr  man			37100				36300							100					0			0	4	3		70				1524			
11 apr  tir			42500				40500							1470					142			4600	4	3		1280				2172			
12 apr  ons			41700				39600							1620					110			3100	4	3		1670				2144			
13 apr  tor			36700				36100							0					0			0	4	3		0				1461			
14 apr  fre			47200				43300							2940					576			27100	4	3		2840				3329			
15 apr  lør			59700				51400							6020					1009			59400	4	3		7770				5121			
16 apr  søn			38000				31700							5760					478			16500	4	3		5560				3437			
17 apr  man			43900				43500							0					0			0	4	3		0				1675			
18 apr  tir			44300				40800							4640					3			800	4	3		2860				2408			
19 apr  ons			39800				39200							0					0			0	4	3		0				1557			
20 apr  tor			40600				39900							70					0			0	5	4		50				1617			
21 apr  fre			43700				41800							2320					3			100	5	4		1460				2040			
22 apr  lør			37500				36800							0					0			0	5	3		0				1498			
23 apr  søn			36700				36000							0					0			0	4	3		0				1495			
24 apr  man			40400				39600							0					0			0	3	2		0				1569			
25 apr  tir			41500				39600							1350					39			900	3	2		1230				1942			
26 apr  ons			38500				34800							3250					216			4700	4	0		2890				2494			
27 apr  tor			46200				44400							910					183			10500	4	3		1330				2342			
28 apr  fre			41500				34200							7080					583			20300	4	3		6180				3864			
29 apr  lør			37700				37100							280					0			0	4	3		220				1531			
30 apr  søn			35400				35000							0					0			0	4	3		0				1424			
Antal			486	0		0	486		0	0				486		0		0	486	0	0	486	486	486		486		0	0	486	0		0
Total			20968300				19630400							1143670					82157			3806700				1061880				1162579			
Gennemsnit			43145				40392							2353					169			7833	1	0		2185				4235			
																																	
																																	
		Historian Guide																															
A		Tag Configuration			Tag EGU			Tag Compression				Tag Data																					
																																	
