																																			
																																			
																																			
	Rapportperiode: 01-01-2016  -  01-05-2017											Ejby Mølle Renseanlæg																							
																																			
	RT Ind / Ud: januar 2016																																		
																																			
																																			
																																			
																																			
			Nord Vest		Nord Øst			Ejby Mølle							Ejby Mølle		Ejby Mølle	Ejby Mølle			Samlet			Ejby Mølle			Rådnetanke								
			Slam til		Slam til			Slam til							Slam til		Kulstof fra SD	Slam fra RT Recuperativ			Forafvandet			Slam til KT											
			Forafvanding		Forafvanding			Forafvanding							Cykloner		Lagertank	Til Forafvanding			EM,NØ,NV,RC			fra Forklaring			IND		UD		"Udrådning
"	Centrifugeret		SL	Ind RT
																																		Differens	Clamponmåler
Dato			m³	kg	m³		kg	m³					kg		m³	kg	m³	m³	kg		m³	kg		m³	kg		m³	"kg
"	m³	"kg
"	%	m³	"kg
"	m³	m³
01 jan  fre			337	4235	97		1572	766					5652		816	6650	15	0	0		1199	11459		243	21430		480	31830	502					427	0
02 jan  lør			337	4539	93		1415	770					5450		820	6659	2	0	0		1200	11404		262	18700		481	30740	502	17349	44	526	18179	134	0
03 jan  søn			337	3703	85		1234	778					6292		828	6825	28	0	0		1199	11230		187	5910		408	24490	502	17274	29	500	17206	-12	0
04 jan  man			337	3103	85		1256	777					7034		833	6771	31	0	0		1198	11393		227	11700		412	25950	540	17404	33	518	16685	19	0
05 jan  tir			337	3572	85		1116	778					6437		825	6585	32	0	0		1199	11125		163	13560		329	21290	131	4475	79	582	19878	-83	0
06 jan  ons			337	3523	85		1064	779					6552		824	6683	27	0	0		1200	11140		168	10090		319	19860	0	0		588	19916	-115	0
07 jan  tor			337	3757	85		1133	763					4806		807	6995	17	0	0		1184	9696		168	6750		260	17610	0	0		600	20115	-210	0
08 jan  fre			337	4716	85		1106	645					2922		730	5975	5	0	0		1066	8745		208	15200		294	20860	340	11357	46	516	17232	-149	0
09 jan  lør			337	4558	85		1072	779					4127		826	6694	1	0	0		1200	9758		240	13260		314	22120	438	14428	35	480	15811	26	0
10 jan  søn			337	4644	85		1203	340					23		526	4171	0	0	0		761	5870		262	6770		263	18090	438	14481	20	152	5025	39	0
11 jan  man			336	6351	85		1273	716					1850		778	6423	3	0	0		1137	9474		143	6590		320	22150	430	13840	38	449	14465	43	0
12 jan  tir			337	6663	108		1576	755					1568		802	6413	16	0	0		1200	9806		182	6910		378	25170	412	13370	47	480	15590	-38	0
13 jan  ons			337	6408	109		1987	755					1705		803	6061	31	0	0		1200	10100		140	9680		384	26270	412	13545	48	480	15794	-37	0
14 jan  tor			337	5937	109		1943	755					2087		804	6101	29	0	0		1200	9967		161	14330		384	27320	412	13916	49	480	16226	-83	0
15 jan  fre			337	6162	109		1932	754					2143		803	6531	29	0	0		1200	10237		132	10150		385	27920	412	14558	48	480	16975	-125	0
16 jan  lør			337	5738	109		1769	755					2921		801	6640	28	0	0		1200	10428		142	8920		385	27760	412	14807	47	309	11114	-92	0
17 jan  søn			337	5159	109		1622	755					3302		800	6499	26	0	0		1200	10083		138	8920		385	27550	415					274	0
18 jan  man			290	2501	131		1892	779					5216		819	6589	29	0	0		1200	9610		144	5950		373	25250	354	12745	50	459	16525	68	0
19 jan  tir			289	1938	132		1938	778					5541		812	6564	29	0	0		1199	9418		149	7970		377	26300	399	14246	46	440	15710	-56	0
20 jan  ons			289	1856	99		1692	812					5698		849	6809	36	0	0		1200	9246		154	13360		385	26520	384	13878	48	431	15576	-65	0
21 jan  tor			243	1610	97		1315	857					5779		916	7218	23	0	0		1197	8704		154	14410		385	25480	372	13494	47	432	15671	-69	0
22 jan  fre			241	2095	97		1278	863					5280		925	7292	19	0	0		1200	8653		154	13390		384	25840	403	14388	44	432	15423	-55	0
23 jan  lør			241	2111	97		1186	863					5314		946	7601	7	0	0		1200	8611		168	15100		384	26620	382	13530	49	431	15265	-78	0
24 jan  søn			241	3094	97		1410	863					4269		955	9785	1	0	0		1200	8772		224	14780		384	27490	396	13775	50	177	6157	8	0
25 jan  man			240	3754	97		1649	863					3418		958	10922	25	0	0		1200	8821		98	7290		363	24120	367	12700	47	396	13704	99	0
26 jan  tir			241	2787	97		1787	862					4463		953	11701	24	0	0		1199	9037		126	9170		339	25590	338	11805	54	432	15088	-65	0
27 jan  ons			241	2636	108		1995	(329)					(4464)		12	125	25	0	0		20	168		223	19700		257	15410	270	9331	39	195	6739	-153	0
28 jan  tor			241	2485	109		1866	827					4886		915	7473	24	0	0		1176	9237		168	15010		401	25770	404					366	0
29 jan  fre			241	2278	109		1893	851					5030		938	7387	29	0	0		1200	9201		181	16390		409	31500	412	14576	54	422	14930	111	0
30 jan  lør			241	2639	109		2075	851					4383		942	7144	26	0	0		1200	9096		146	13170		409	48750	425	14769	70	432	15013	-19	0
31 jan  søn			241	3177	109		2241	851					3819		945	8764	17	0	0		1200	9236		193	12630		409	52100	461	15846	70	173	5947	139	0
01 feb  man			241	2758	109		2119	849					4198		950	12422	29	0	0		1199	9076		158	9000		374	25700	409	14001	46	376	12871	115	0
02 feb  tir			232	1470	109		2158	394					2196		576	4493	11	0	0		734	5823		264	10730		409	47670	445	15233	68	432	14788	-9	0
03 feb  ons			241	1669	109		2129	850					5454		948	7347	29	0	0		1200	9251		120	5650		323	41550	335	11482	72	433	14841	-103	0
04 feb  tor			241	2125	113		2129	847					5240		942	7474	33	0	0		1200	9493		216	13980		416	46450	453	15980	66	420	14816	-15	0
05 feb  fre			241	2782	85		1665	874					4798		974	7796	43	0	0		1200	9245		228	15760		404	35040	478	16887	52	432	15263	13	0
06 feb  lør			241	2582	77		1427	883					5349		982	10104	35	0	0		1200	9358		226	14260		417	44630	413	14550	67	432	15221	-1	0
07 feb  søn			241	2489	72		1272	887					5612		985	12742	19	0	0		1200	9373		230	20050		415	26130	445	15617	40	141	4949	108	0
08 feb  man			240	2286	72		1518	887					5163		1006	14433	33	0	0		1200	8967		157	13540		388	24320	491	17201	29	123	4310	329	0
09 feb  tir			241	931	72		1470	887					6389		1007	12269	22	0	0		1200	8790		183	17970		409	25680	425	14910	42	463	16244	29	0
10 feb  ons			241	2170	64		1314	895					5335		1016	9306	28	0	0		1200	8820		191	21290		390	24680	425	14923	40	394	13836	1	0
11 feb  tor			282	1882	126		2061	294					1151		588	4775	30	0	0		702	5094		157	13290		271	15850	310	10789	32	569	19804	-238	0
12 feb  fre			289	1011	115		2062	771					6532		895	7457	34	0	0		1175	9605		185	17180		387	24340	438	15339	37	576	20173	-164	0
13 feb  lør			318	1068	109		1944	772					7030		910	7612	32	0	0		1199	10043		210	10720		411	26920	469	16468	39	559	19629	-133	0
14 feb  søn			337	4102	125		1947	738					4002		838	7080	20	0	0		1200	10051		227	7780		410	25020	464	0		0		249	0
15 feb  man			337	3940	134		1750	729					4053		822	6797	26	0	0		1200	9743		171	9580		410	24740	467	16275	34	490	17078	79	0
16 feb  tir			337	1950	115		1585	748					5977		851	7073	29	0	0		1200	9512		216	9530		407	25640	470	16255	37	528	18262	-46	0
17 feb  ons			337	2538	116		1565	747					5351		846	7023	32	0	0		1200	9454		192	11420		352	22900	401	13832	40	503	17352	-104	0
18 feb  tor			361	2935	115		1551	725					5048		817	6851	34	0	0		1200	9533		180	16820		369	24060	410	14151	41	528	18225	-155	0
19 feb  fre			412	2063	111		1611	676					6151		772	6481	33	0	0		1199	9824		194	11760		386	25040	440	15236	39	528	18285	-112	0
20 feb  lør			433	2857	105		1760	662					4794		757	6047	32	0	0		1200	9411		202	11240		385	25910	441	15285	41	90	3121	107	0
21 feb  søn			433	4027	96		1805	672					3544		765	6180	20	0	0		1200	9377		214	13930		384	28120	438	0		0		445	0
22 feb  man			372	1516	91		1727	737					5963		852	6746	34	0	0		1200	9207		227	12370		365	23670	413	13971	41	406	13736	54	0
23 feb  tir			385	7544	118		2190	697					305		792	6430	33	0	0		1200	10039		153	7260		361	25180	416	14229	43	528	18062	-73	0
24 feb  ons			417	10259	121		2022	662					(1857)		758	6331	34	0	0		1199	10424		107	8240		333	23450	395	13656	42	528	18255	-141	0
25 feb  tor			433	11565	121		1956	646					(3041)		745	6239	34	0	0		1200	10480		149	7570		341	23470	404	14205	39	389	13679	-90	0
26 feb  fre			433	10356	121		1825	646					(1772)		745	6240	34	0	0		1200	10409		168	13430		341	23230	398	14085	39	455	16103	-32	0
27 feb  lør			433	8739	121		1757	646					(166)		747	6265	33	0	0		1200	10331		151	11490		341	23110	402	14227	38	456	16139	-76	0
28 feb  søn			433	8125	140		2028	627					119		736	6139	27	0	0		1200	10272		143	13440		338	22640	381	13484	40	251	8884	-36	0
29 feb  man			399	3563	124		1700	676					4650		773	6403	29	0	0		1200	9913		177	17620		359	23730	412	14502	39	423	14890	59	0
01 mar  tir			385	1691	97		1258	718					6694		840	6922	29	0	0		1200	9644		166	11590		364	25170	430	15147	40	406	14303	38	0
02 mar  ons			385	1456	97		1529	718					6241		813	6432	31	0	0		1200	9227		197	12010		364	25780	415	14715	43	456	16170	-65	0
03 mar  tor			385	2811	97		1597	718					5197		801	6526	33	0	0		1200	9605		180	9160		365	27380	433	15360	44	514	18234	-109	0
04 mar  fre			385	2734	97		1426	718					5653		812	6788	33	0	0		1200	9812		170	11900		352	25000	407	14613	42	464	16661	-82	0
05 mar  lør			385	2568	97		1564	718					5466		812	6634	32	0	0		1200	9597		136	2790		342	21140	401	14562	31	456	16560	-88	0
06 mar  søn			385	4263	97		1737	719					3429		814	6565	33	0	0		1200	9429		149	2020		340	19380	397	14454	25	100	3642	55	0
07 mar  man			348	6802	116		2120	736					1001		835	7090	33	0	0		1200	9923		177	4480		360	21580	452	16308	24	212	7650	196	0
08 mar  tir			259	5792	120		2216	821					1989		944	8231	27	0	0		1200	9998		176	3610		364	21310	418	14081	34	397	13374	129	0
09 mar  ons			102	1684	116		2247	982					5913		1112	9890	31	0	0		1200	9843		197	3110		366	20370	441	14734	28	413	13799	7	0
10 mar  tor			97	2091	120		2182	983					5694		1106	10008	31	0	0		1200	9968		154	4850		345	22630	419	13960	38	417	13893	10	0
11 mar  fre			97	2291	98		1873	1006					5687		1137	10221	33	0	0		1200	9851		194	8900		353	24140	434	14244	41	205	6728	105	0
12 mar  lør			97	2332	97		1716	1007					5655		1132	10065	23	0	0		1200	9703		146	6380		304	21170	347	11398	46	377	12384	88	0
13 mar  søn			97	2336	97		1666	1006					5616		1132	10040	26	0	0		1200	9619		117	4020		298	20150	368	12067	40	218	7149	58	0
14 mar  man			154	3647	96		1668	949					4408		1073	9345	31	0	0		1199	9722		144	6680		303	20540	393	12813	38	471	15356	-7	0
15 mar  tir			65	1558	106		1665	1029					6130		1152	9930	33	0	0		1199	9354		176	7030		362	21750	478	15688	28	409	13423	-31	0
16 mar  ons			0	0	19		290	536					3764		596	5038	32	0	0		555	4054		242	10973		311	21030	377	12332	41	468	15309	-16	0
17 mar  tor			0	0	1		1	894					6341		1007	8596	33	0	0		895	6342		252	10747		331	22280	404	13263	40	527	17301	-123	0
18 mar  fre			0	0	41		639	919					6364		1038	8854	33	0	0		960	7003		207	10300		336	22990	438	14561	37	500	16622	-98	0
19 mar  lør			0	0	131		1893	829					5480		942	7874	32	0	0		960	7373		247	11340		328	22990	425	14186	38	528	17624	-124	0
20 mar  søn			73	1621	132		1859	755					3936		862	7113	33	0	0		960	7416		195	9530		296	20520	391	13078	36	116	3880	57	0
21 mar  man			161	3113	131		1853	668					2683		770	6433	32	0	0		960	7648		143	6620		231	15810	310	10277	35	464	15382	-7	0
22 mar  tir			166	2504	132		1851	874					4687		1003	8156	34	0	0		1172	9042		176	8465		295	19840	423	14298	28	526	17779	-117	0
23 mar  ons			166	2998	129		1838	905					4242		1037	8344	34	0	0		1200	9078		187	9055		314	20990	423	14444	31	402	13727	-84	0
24 mar  tor			167	3098	121		1607	912					4241		1046	8354	35	0	0		1200	8946		165	8210		312	20470	432	14715	28	368	12535	3	0
25 mar  fre			167	3425	121		1565	912					3815		1050	8240	33	0	0		1200	8804		173	9060		295	19140	398	13647	29	253	8675	12	0
26 mar  lør			160	3328	116		1546	874					3450		1003	7687	23	0	0		1150	8324		143	7710		278	18070	389	13352	26	406	13936	88	0
27 mar  søn			169	3376	121		1669	911					3817		1045	8338	14	0	0		1200	8862		208	11040		290	19850	387	13353	33	432	14906	-27	0
28 mar  man			169	3002	121		1659	911					4148		1046	8075	21	0	0		1200	8809		177	9740		290	20050	460	16037	20	205	7147	40	0
29 mar  tir			168	3093	121		1559	911					3925		1042	7901	34	0	0		1200	8577		44	2450		264	15770	261	8977	43	452	15546	12	0
30 mar  ons			168	2944	101		1130	930					4441		1070	8486	35	0	0		1199	8515		179	9993		382	26290	426	14804	44	197	6846	-4	0
31 mar  tor			169	2888	105		1137	926					4286		1064	8182	34	0	0		1200	8311		146	7618		348	23730	357	12517	47	464	16269	25	0
01 apr  fre			169	3001	102		1108	929					4149		1053	8040	35	0	0		1200	8258		169	9060		385	26960	385	13357	50	480	16653	-53	0
02 apr  lør			169	3095	99		1123	931					4035		1061	8017	35	0	0		1199	8253		151	8283		385	26780	380	13153	51	480	16614	-116	0
03 apr  søn			210	3898	99		1091	891					3456		1024	7727	29	0	0		1200	8446		161	8267		384	28240	351	12197	57	40	1390	66	0
04 apr  man			335	6153	119		1330	746					1590		860	6665	30	0	0		1200	9074		200	9870		385	27900	411	14326	49	388	13524	98	0
05 apr  tir			337	6322	107		1418	756					1692		863	7019	21	0	0		1200	9432		211	11250		384	31970	407	14079	56	449	15532	14	0
06 apr  ons			362	8311	103		1537	735					(678)		840	6714	19	0	0		1200	9171		140	7490		328	28330	358	12477	56	480	16729	-103	0
07 apr  tor			385	9255	108		1624	707					(1634)		813	6555	23	0	0		1200	9245		177	9940		347	28440	380	13351	53	480	16864	-118	0
08 apr  fre			385	8279	134		1887	681					(377)		788	6425	16	0	0		1200	9789		170	8513		386	30630	389	13800	55	439	15574	-70	0
09 apr  lør			385	5710	137		1861	678					2189		801	6358	18	0	0		1200	9760		205	11127		385	30410	351	12604	59	432	15512	-119	0
10 apr  søn			385	4524	141		1809	674					3308		811	6399	26	0	0		1200	9641		180	9630		386	29780	413	15071	49	199	7262	-7	0
11 apr  man			385	4208	131		1857	684					3611		822	6485	29	0	0		1200	9676		202	11040		384	27410	435	15842	42	387	14094	117	0
12 apr  tir			385	4212	131		1908	684					3648		808	6545	31	0	0		1200	9767		142	7720		386	26910	388	14105	48	432	15704	6	0
13 apr  ons			338	3962	85		1737	776					3893		922	7353	32	0	0		1200	9592		68	3995		299	21470	287	10435	51	432	15707	-103	0
14 apr  tor			337	3920	118		1823	745					3935		882	7040	32	0	0		1200	9678		210	12045		385	28520	396	14445	49	432	15758	-45	0
15 apr  fre			337	3618	121		2000	742					4273		869	7264	34	0	0		1200	9891		132	7520		385	27980	372	13636	51	386	14149	-16	0
16 apr  lør			337	3357	121		1837	741					4572		878	7099	34	0	0		1199	9766		147	8450		386	27960	368	13488	52	411	15064	-75	0
17 apr  søn			337	2890	121		1754	743					4932		905	7142	32	0	0		1200	9577		209	10753		404	29560	450	16100		9	322	190	0
18 apr  man			336	2536	121		1650	743					5352		857	6929	33	0	0		1200	9538		254	13278		410	29360	428	15820	46	398	14711	190	0
19 apr  tir			337	2312	121		1822	742					5413		852	6769	32	0	0		1200	9548		229	12267		409	29060	417	15503	47	432	16061	16	0
20 apr  ons			337	3314	121		1705	743					4565		855	6716	31	0	0		1200	9585		227	11493		405	29160	401	14938	49	432	16093	16	0
21 apr  tor			290	3661	121		1756	789					4141		908	7183	30	0	0		1200	9559		221	11410		408	29180	389	14563	50	432	16173	13	0
22 apr  fre			289	3264	116		1596	796					4599		921	7151	31	0	0		1201	9459		252	12800		409	28530	364	13654	52	432	16205	5	0
23 apr  lør			272	3340	109		1495	818					4465		965	7526	23	0	0		1199	9300		227	11500		409	28760	379	14235	51	432	16226	-6	0
24 apr  søn			241	3252	109		1588	850					4429		993	7829	13	0	0		1200	9270		224	11580		409	28980	352	13317	54	143	5410	87	0
25 apr  man			241	1935	109		1490	850					5761		992	7847	24	0	0		1200	9186		224	11680		378	25810	370	13839	46	404	15111	142	0
26 apr  tir			241	1833	109		1664	850					5843		990	8162	27	0	0		1200	9341		236	13340		407	28150	370	13872	51	432	16197	16	0
27 apr  ons			241	1889	109		1720	850					5594		991	8111	15	0	0		1200	9203		236	12850		395	28810	338	12663	56	432	16185	-24	0
28 apr  tor			241	3691	109		1252	60					(1763)		338	2784	3	0	0		409	3180		310	15518		401	28060	427	16091	43	322	12134	4	0
29 apr  fre			241	4485	109		947	652					3216		769	6427	8	0	0		1001	8648		198	9378		406	25860	413	15083	42	397	14499	71	0
30 apr  lør			241	4578	109		1084	731					3654		828	6850	2	0	0		1080	9316		193	11085		407	25260	462	16762	34	432	15674	8	0
01 maj  søn			272	4631	98		920	709					3975		808	6810	0	0	0		1079	9525		185	10180		385	24890	420	15142	39	134	4831	183	0
02 maj  man			288	6474	97		964	811					3095		925	7713	13	0	0		1196	10533		151	7820		406	24230	425	15221	37	446	15973	102	0
03 maj  tir			289	6747	97		949	814					2774		914	7680	15	0	0		1200	10470		210	10760		394	25290	389	13932	45	282	10100	29	0
04 maj  ons			341	7913	97		971	769					1881		865	7400	31	0	0		1206	10765		182	7160		394	26210	377	13622	48	487	17596	44	0
05 maj  tor			361	7316	98		891	781					3064		881	7824	35	0	0		1240	11270		168	9050		386	25440	348	12768	50	582	21354	-167	0
06 maj  fre			361	7199	97		918	803					3535		906	8308	35	0	0		1261	11652		210	10880		385	25510	340	12483	51	373	13695	-16	0
07 maj  lør			361	7308	97		862	802					4258		903	9256	35	0	0		1260	12428		168	8210		387	25940	336	12103	53	413	14876	6	0
08 maj  søn			361	7159	97		888	803					5572		907	10691	30	0	0		1260	13620		224	11830		399	28230	342	12139	57	432	15334	-7	0
09 maj  man			397	1880	97		840	750					10525		850	9940	34	0	0		1244	13245		182	9800		394	27620	323	11612	58	452	16250	-10	0
10 maj  tir			409	1535	97		822	778					10233		876	9007	34	0	0		1284	12590		210	10850		381	26330	293	10349	61	473	16706	-70	0
11 maj  ons			409	4604	97		819	778					7715		878	9756	34	0	0		1284	13138		168	7700		384	27100	297	10418	62	480	16837	-72	0
12 maj  tor			409	3855	97		862	778					8565		875	9822	30	0	0		1284	13282		128	6690		329	23730	358	12591	47	461	16214	-142	0
13 maj  fre			409	1202	96		821	753					11056		850	9678	28	0	0		1258	13078		180	9560		385	26750	407	14270	47	456	15988	-66	0
14 maj  lør			409	1808	97		859	777					12473		881	11947	20	0	0		1283	15139		112	6180		385	26090	362	12694	51	456	15990	-117	0
15 maj  søn			409	1939	97		810	779					12804		882	12298	8	0	0		1284	15552		210	10800		384	27630	460	16211	41	456	16070	-31	0
16 maj  man			408	2027	97		823	185					6233		477	6872	15	0	0		690	9083		224	11840		386	26590	421	14782	44	271	9515	-10	0
17 maj  tir			409	3751	97		800	716					10205		815	11355	31	0	0		1222	14755		140	6920		385	25910	394	13903	46	398	14044	47	0
18 maj  ons			409	4080	97		835	778					9592		881	11212	30	0	0		1284	14506		132	7230		385	26420	394	13858	48	456	16039	-36	0
19 maj  tor			409	5830	97		826	778					8661		880	11972	32	0	0		1284	15317		114	6370		395	28010	411	14460	48	456	16043	-70	0
20 maj  fre			392	5915	80		728	812					10370		890	12626	32	0	0		1284	17013		116	6330		393	30360	393	13892	54	456	16119	-68	0
21 maj  lør			385	5993	73		581	826					9928		880	11745	29	0	0		1284	16502		168	9340		396	28580	397	14086	51	456	16180	-83	0
22 maj  søn			385	5942	73		591	742					6554		845	9984	8	0	0		1200	13087		168	9850		397	30510	396	13299		12	403	120	0
23 maj  man			464	6222	73		783	748					4887		870	8252	23	0	0		1284	11892		129	7600		346	27400	347	12438	55	349	12510	90	0
24 maj  tir			153	1698	73		733	1033					11640		1160	12614	27	0	0		1258	14071		164	8570		398	28450	398	14329	50	360	12961	30	0
25 maj  ons			388	0	73		678	788					17800		1260	16294	28	0	0		1248	18477		70	4050		397	28880	417	15065	48	360	13006	30	0
26 maj  tor			449	3540	63		607	458					10486		740	11552	32	0	0		970	14632		155	8940		346	26810	383	13872	48	133	4817	107	0
27 maj  fre			481	5361	90		828	659					12365		819	13365	30	0	0		1230	18554		168	9350		408	31990	425	15474	52	344	12525	146	0
28 maj  lør			481	5517	97		947	705					13678		876	14712	30	0	0		1283	20141		42	2500		409	27580	410	14921	46	360	13101	36	0
29 maj  søn			481	5962	97		862	23					2741		409	7272	23	0	0		600	9565		270	14810		409	34480	385	13990	59	169	6141	105	0
30 maj  man			480	5399	97		1021	327					5630		409	6535	24	0	0		904	12049		207	11273		390	30720	439	16057	48	334	12217	137	0
31 maj  tir			481	5490	97		923	382					6211		380	6281	17	0	0		960	12624		140	7817		393	32460	339	12418	62	477	17474	-66	0
01 jun  ons			480	5428	97		959	384					6894		423	7975	13	0	0		960	13281		182	10140		409	32968	423	15530	53	480	17623	-71	0
02 jun  tor			387	4378	97		892	476					9144		568	11559	21	0	0		960	14413		98	5350		320	25833	372	13712	47	480	17693	-142	0
03 jun  fre			385	4294	97		946	478					9714		565	12360	26	0	0		960	14953		154	8090		408	32030	399	14763	54	480	17760	-91	0
04 jun  lør			385	4394	97		880	478					10543		567	12984	16	0	0		960	15817		168	9500		409	33090	403	14822	55	263	9673	-38	0
05 jun  søn			385	4695	97		916	(16)					2012		277	6356	9	0	0		466	7623		261	12910		409	32540	397					280	0
06 jun  man			385	3975	97		845	141					4102		313	7746	8	0	0		623	8921		201	10230		408	30820	365	14123	54	382	14781	113	0
07 jun  tir			385	3958	97		962	358					7188		387	9660	26	0	0		840	12108		112	6140		405	28750	398	15523	46	480	18721	-28	0
08 jun  ons			385	3870	97		862	358					7072		387	9393	34	0	0		840	11803		110	6100		409	28710	373	14598	49	480	18786	-113	0
09 jun  tor			385	3934	116		1066	294					6008		353	8853	34	0	0		795	11008		100	5480		409	28230	365	14303	49	480	18809	-126	0
10 jun  fre			385	3635	120		1060	334					7024		373	9481	33	0	0		840	11720		90	4830		410	27770	358	14059	49	480	18850	-145	0
11 jun  lør			385	4176	121		1074	334					6630		395	9936	33	0	0		840	11880		77	4100		409	27940	347	13626	51	404	15864	-121	0
12 jun  søn			385	3637	121		1000	334					6772		395	9737	26	0	0		840	11410		98	5250		406	28180	358					178	0
13 jun  man			385	3867	121		1045	334					6488		393	9397	11	0	0		840	11400		98	5100		382	28390	307	12092	57	448	17646	35	0
14 jun  tir			385	3829	121		959	290					6005		373	9244	33	0	0		796	10793		101	5670		407	28810	378	14897	48	480	18917	-90	0
15 jun  ons			385	4400	140		1222	285					5098		348	8173	31	0	0		811	10719		81	4090		375	26470	338	13444	49	480	19092	-168	0
16 jun  tor			385	5275	145		1317	309					3838		359	6223	31	0	0		839	10431		122	6530		410	29953	371	14898	50	480	19275	-130	0
17 jun  fre			385	5125	145		1292	310					4727		361	6562	30	0	0		840	11144		116	6070		409	30498	370	14802	51	480	19202	-148	0
18 jun  lør			385	4410	145		1180	310					5392		363	7715	28	0	0		840	10981		84	4470		409	27700	375	15051	46	480	19265	-144	0
19 jun  søn			385	4244	145		1147	311					5946		369	8994	28	0	0		840	11337		112	5810		407	28850	350	14044		16	642	100	0
20 jun  man			385	5398	145		1166	293					3717		366	7676	30	0	0		823	10281		98	4250		382	26640	325					344	0
21 jun  tir			385	6524	145		1506	301					624		373	4127	31	0	0		831	8654		112	5580		404	27240	315	12605	54	401	16046	61	0
22 jun  ons			385	4200	145		1179	216					2699		303	4719	30	0	0		746	8079		140	7210		408	29500	327	13033	56	325	12953	35	0
23 jun  tor			385	4366	145		1119	291					4497		386	8109	29	0	0		821	9983		112	6040		407	29170	317	12664	57	423	16898	-44	0
24 jun  fre			385	3999	145		1300	310					6045		398	9446	28	0	0		840	11343		98	5060		408	29030	334	13330	54	430	17162	-88	0
25 jun  lør			385	4451	145		1763	310					4583		400	8714	26	0	0		840	10797		98	4040		409	29250	292	11627	60	289	11508	-54	0
26 jun  søn			385	4931	145		1864	168					1528		326	3969	18	0	0		698	8323		154	8660		409	32010	331					168	0
27 jun  man			385	4858	145		1536	216					1554		373	5761	25	0	0		745	7948		156	7540		408	30460	372	14876	51	406	16236	145	0
28 jun  tir			385	4245	145		1332	382					5237		465	8647	32	0	0		912	10814		109	4740		405	31690	320	12843	59	432	17338	-23	0
29 jun  ons			385	4949	109		1127	343					2354		448	7067	31	0	0		837	8431		154	7430		395	31980	348	14052	56	383	15465	-32	0
30 jun  tor			385	5179	166		1767	680					(2427)		825	11080	30	0	0		1231	4518		28	1170		372	28570	285	11568	60	432	17534	-134	0
01 jul  fre			385	5254	169		1887	718					7064		858	8292	34	0	0		1272	14205		70	3610		389	31230	322	13074	58	432	17540	-91	0
02 jul  lør			385	4901	169		1759	718					7969		857	8646	32	0	0		1272	14628		70	3490		409	32670	341	13876	58	432	17579	-86	0
03 jul  søn			385	4716	169		1537	148					1568		446	4989	35	0	0		702	7821		196	9130		406	34620	364	14879	57	24	981	137	0
04 jul  man			385	4010	168		1376	682					10782		795	11749	27	0	0		1235	16168		56	3110		395	30270	235	9604	68	402	16429	57	0
05 jul  tir			385	4420	137		1578	750					8751		857	9738	32	0	0		1272	14749		70	4010		403	31110	374	15290	51	432	17662	-72	0
06 jul  ons			385	4413	127		1388	760					8627		880	8848	31	0	0		1272	14427		42	2100		427	29980	366	14927	50	432	17619	-74	0
07 jul  tor			343	3541	164		1473	765					11956		880	12843	34	0	0		1272	16970		14	840		433	27340	352	14362	47	432	17627	-80	0
08 jul  fre			337	3866	169		1604	766					10480		882	11450	32	0	0		1272	15950		42	2160		431	29500	391	15891	46	432	17558	-54	0
09 jul  lør			337	3553	169		1406	766					10265		887	11028	34	0	0		1272	15224		56	2520		434	29870	355	14391	52	432	17512	-74	0
10 jul  søn			337	3974	169		1418	766					8598		892	9710	31	0	0		1272	13989		84	4110		433	31890	390	16018	50	28	1150	142	0
11 jul  man			337	3690	169		1286	766					10454		942	11973	35	0	0		1272	15430		84	4560		433	32620	394	15960	51	396	16041	132	0
12 jul  tir			337	3652	169		1234	765					11026		939	11804	33	0	0		1271	15912		70	3590		432	31800	335	13505	58	432	17416	-18	0
13 jul  ons			337	3269	169		1052	765					13346		929	14227	33	0	0		1271	17667		98	5310		479	35388	396	16031	55	431	17448	-14	0
14 jul  tor			337	3540	168		1145	766					12733		858	12691	32	0	0		1271	17417		98	5260		482	35973	366	14781	59	432	17446	-22	0
15 jul  fre			303	2876	145		889	824					15917		923	16416	33	0	0		1272	19682		112	5400		481	37540	414	16739	55	411	16618	-11	0
16 jul  lør			289	2738	145		856	452					10697		721	12776	32	0	0		885	14290		182	9690		473	38170	458	18589	51	432	17534	6	0
17 jul  søn			289	2668	134		763	810					17282		927	17997	30	0	0		1233	20713		140	7160		480	38310	351	14209	63	79	3198	79	0
18 jul  man			289	2913	104		546	877					18046		969	18894	32	0	0		1270	21505		70	3580		481	33580	363	14712	56	406	16455	122	0
19 jul  tir			270	2485	97		496	724					10857		839	16708	32	0	0		1090	13837		42	1820		430	30430	374	15149	50	432	17498	-13	0
20 jul  ons			264	2390	97		510	614					8409		734	14981	30	0	0		974	11309		112	5430		417	32130	398	16092	50	432	17467	-17	0
21 jul  tor			289	2561	97		521	694					8811		812	16499	31	0	0		1080	11893		70	2850		409	31100	375	15152	51	432	17455	-81	0
22 jul  fre			289	2433	97		486	694					8288		809	15727	33	0	0		1080	11207		56	2670		363	27540	320	12919	53	432	17441	-108	0
23 jul  lør			289	2367	97		493	694					6927		809	14224	33	0	0		1080	9787		56	2060		361	27240	327	13272	51	432	17533	-155	0
24 jul  søn			289	2358	97		495	694					6298		805	13920	32	0	0		1080	9151		70	1960		361	26920	327	13157	51	47	1891	84	0
25 jul  man			289	8085	97		594	642					(540)		762	12914	30	0	0		1028	8139		28	1000		307	22580	313	12646	44	379	15313	-1	0
26 jul  tir			289	3112	113		667	678					6181		785	14209	33	0	0		1080	9960		98	3960		403	29870	333	13491	55	432	17502	-119	0
27 jul  ons			275	2878	121		687	685					4829		803	13501	32	0	0		1080	8394		112	4610		408	29550	358	14639	50	388	15866	-66	0
28 jul  tor			289	3128	121		683	670					4954		780	13532	32	0	0		1080	8764		126	5860		401	29180	381	15621		11	451	132	0
29 jul  fre			289	4386	121		961	604					3907		713	12395	33	0	0		1014	9254		112	4930		451	31320	403	16428	48	343	13982	169	0
30 jul  lør			289	3795	121		1057	441					5552		461	10563	32	0	0		851	10404		140	7140		458	33990	451	18306	46	360	14612	84	0
31 jul  søn			289	3650	121		875	393					2558		407	8525	32	0	0		803	7083		126	6100		458	30400	400	16164	47	61	2465	291	0
01 aug  man			289	4049	121		881	381					4497		402	7056	33	0	0		791	9426		168	8430		457	31910	441	17849	44	371	15016	129	0
02 aug  tir			289	3309	143		912	359					5210		375	7244	32	0	0		791	9431		196	9970		446	32980	450	18172	45	480	19383	-96	0
03 aug  ons			289	3118	145		1003	358					5149		375	6810	33	0	0		792	9270		154	7630		419	30800	352	14283	54	478	19395	-124	0
04 aug  tor			289	2928	145		987	358					7035		373	8036	33	0	0		792	10950		182	9060		456	34110	405	16431	52	479	19433	-67	0
05 aug  fre			289	3339	104		658	399					6694		445	8835	32	0	0		792	10691		154	7690		422	30790	395	16045	48	480	19498	-89	0
06 aug  lør			289	2908	97		629	405					6316		456	8601	29	0	0		791	9853		189	9555		458	32820	436	17819	46	315	12874	-11	0
07 aug  søn			289	3062	97		610	406					5456		450	7864	17	0	0		792	9127		203	9825		457	33360	428					371	0
08 aug  man			289	4065	97		691	383					4471		396	6873	22	0	0		769	9226		168	8140		406	30500	413	16794	45	431	17526	30	0
09 aug  tir			289	6043	97		666	381					2421		435	7938	33	0	0		767	9130		196	9640		458	32840	442	18043	45	480	19595	-8	0
10 aug  ons			289	3356	97		687	382					4641		436	7874	32	0	0		768	8684		210	10790		458	34340	385	15652	54	668	27157	-200	0
11 aug  tor			289	3508	97		694	382					4237		436	7692	21	0	0		768	8438		210	10530		457	34450	417	17051	51	672	27478	-254	0
12 aug  fre			289	2966	108		755	371					3922		423	7053	13	0	0		768	7643		112	5680		387	27510	328	13452	51	355	14560	-101	0
13 aug  lør			289	2755	109		763	370					3914		423	6561	5	0	0		768	7432		168	8350		456	30500	448	18484	39	336	13863	20	0
14 aug  søn			289	3714	120		890	359					3504		414	6647	0	0	0		768	8107		224	10740		458	31360	498	20646	34	142	5887	184	0
15 aug  man			289	2605	121		804	358					4582		411	7040	0	0	0		768	7990		238	11230		457	33150	440	18243	45	329	13641	200	0
16 aug  tir			289	2608	121		777	358					3933		411	6637	0	0	0		768	7317		210	8460		414	29470	407	16695	43	480	19689	-40	0
17 aug  ons			289	2445	121		757	358					4044		410	6635	0	0	0		768	7245		140	6520		381	26460	364	14867	44	480	19605	-105	0
18 aug  tor			289	2550	121		995	357					3593		409	6643	0	0	0		767	7138		205	9690		457	31645	456	18672	41	480	19655	-48	0
19 aug  fre			289	2431	121		1043	358					3876		413	6668	33	0	0		768	7350		208	9860		457	31398	453	18439	41	481	19579	-50	0
20 aug  lør			289	2574	121		1048	358					3278		409	6159	35	0	0		768	6900		203	9460		456	31188	437	17924	43	325	13330	-15	0
21 aug  søn			289	2605	121		1048	357					3038		409	5900	25	0	0		767	6690		224	10270		457	31980	381					280	0
22 aug  man			289	6316	121		1225	(268)					(6442)		78	986	28	0	0		142	1099		322	14890		457	30510	498	20220	34	442	17946	164	0
23 aug  tir			289	6860	121		1318	(410)					(8178)		0	0	31	0	0					339	16520		458	30590	405	16437	46	480	19481	-64	0
24 aug  ons			289	4426	32		274	(321)					(4700)		0	0	35	0	0					332	13740		458	29550	405	16354	45	503	20311	-94	0
25 aug  tor			289	4400	120		1228	(409)					(5628)		0	0	14	0	0					282	11950		416	19380	308	12408	36	498	20063	-189	0
26 aug  fre			289	4379	121		1198	243					1501		341	6150	29	0	0		653	7078		229	11830		456	30180	419	17083	43	504	20549	-121	0
27 aug  lør			289	6000	121		1180	357					1157		411	7347	34	0	0		767	8337		203	9410		458	28700	446	18210	37	504	20578	-81	0
28 aug  søn			289	7011	121		1392	357					2171		413	7822	33	0	0		767	10574		198	8800		457	27250	449	18500	32	79	3255	107	0
29 aug  man			289	3064	121		1152	357					6028		416	8230	15	0	0		767	10243		241	11630		458	29590	461	18914	36	438	17970	121	0
30 aug  tir			289	2754	121		1066	358					4514		416	7483	33	0	0		768	8334		197	10200		442	27370	416	17094	38	480	19724	-11	0
31 aug  ons			289	2702	121		1074	358					4911		422	7769	36	0	0		768	8687		208	10230		433	26440	427	17527	34	480	19702	-62	0
01 sep  tor			289	2713	121		1079	358					4603		420	7744	36	0	0		768	8395		144	7930		359	22480	357	14668	35	480	19722	-134	0
02 sep  fre			289	2921	121		1052	358					4552		420	7711	34	0	0		768	8525		208	10430		433	26930	434	17923	33	480	19823	-95	0
03 sep  lør			289	2797	121		1090	358					4765		421	7711	33	0	0		768	8652		208	4470		433	24560	390	16087	34	433	17861	-121	0
04 sep  søn			289	3588	121		1677	358					5571		421	7949	23	0	0		768	10835		211	4480		432	26980	433					212	0
05 sep  man			289	3120	121		1393	358					6988		419	8703	27	0	0		768	11501		233	4680		421	24690	462	18927	23	253	10365	240	0
06 sep  tir			335	3223	121		1313	312					5089		374	7508	30	0	0		768	9625		208	3710		416	21200	406	16554	22	460	18756	36	0
07 sep  ons			337	3603	121		1270	352					4349		414	7562	31	0	0		810	9223		193	5180		408	23700	398	16131	32	480	19455	-74	0
08 sep  tor			337	4987	121		1226	358					2824		420	7692	32	0	0		816	9038		204	6540		419	25710	409	16556	36	480	19430	-86	0
09 sep  fre			337	2512	121		1206	358					4953		418	7584	35	0	0		816	8671		171	8427		433	25610	439	17848	30	480	19515	-72	0
10 sep  lør			337	1887	121		1145	358					5098		417	7095	34	0	0		816	8130		207	9803		433	27840	438	17806	36	480	19513	-59	0
11 sep  søn			337	2179	121		1159	358					4346		416	6815	33	0	0		816	7684		200	8650		433	26980	421	17251	36	41	1680	127	0
12 sep  man			324	1839	120		1041	372					5114		433	7283	20	0	0		816	7994		221	7220		433	25580	379	15393	40	434	17627	100	0
13 sep  tir			337	1914	121		1029	(350)					(1966)		56	937	27	0	0		108	977		356	7840		414	16980	439	17809	(5)	480	19472	-62	0
14 sep  ons			337	2017	121		996	332					4527		397	6941	31	0	0		790	7539		256	9350		430	25170	398	16099	36	480	19416	-73	0
15 sep  tor			337	1897	121		1030	358					5020		428	7594	34	0	0		816	7946		214	9700		429	25560	418	16840	34	480	19338	-78	0
16 sep  fre			357	2059	121		993	378					5373		427	7548	34	0	0		855	8425		145	5740		409	27370	387	15660	43	480	19423	-114	0
17 sep  lør			361	2083	121		1011	382					5049		419	7096	35	0	0		864	8143		214	7530		408	23140	407	16584	28	459	18703	-102	0
18 sep  søn			361	2129	121		980	382					4933		422	6890	31	0	0		864	8042		210	7260		409	23050	404					143	0
19 sep  man			394	2319	121		1093	414					5434		483	8058	31	0	0		929	8846		172	6300		409	24040	399	15998	33	417	16720	88	0
20 sep  tir			358	2427	121		1094	481					6622		556	9236	34	0	0		959	10143		197	3580		388	18670	357	14316	23	432	17324	-39	0
21 sep  ons			409	2402	121		1159	382					5565		436	7544	34	0	0		912	9126		121	5980		410	24430	418	16767	31	432	17329	-47	0
22 sep  tor			409	2225	121		1090	382					5562		438	7370	34	0	0		912	8878		186	7250		418	25750	406	16374	36	432	17423	-35	0
23 sep  fre			409	2356	121		1154	157					3405		329	5627	34	0	0		687	6915		248	13188		427	32250	419	17062	47	432	17591	-48	0
24 sep  lør			409	2243	121		1064	396					6013		446	7162	33	0	0		926	9320		250	12643		432	28410	393	16403	42	38	1586	115	0
25 sep  søn			409	2312	121		1085	406					5743		458	7210	24	0	0		936	9140		242	11750		414	26560	334					349	0
26 sep  man			409	3862	121		1155	405					5274		453	7612	34	0	0		935	10291		176	9983		385	25390	402	16008	37	413	16446	78	0
27 sep  tir			409	3055	121		1087	405					5790		452	8042	34	0	0		935	9932		185	6957		389	23570	355	14119	40	478	19011	-95	0
28 sep  ons			409	2687	121		990	405					6009		455	8006	35	0	0		935	9686		186	2790		408	17320	356	14187	18	480	19129	-125	0
29 sep  tor			409	4348	121		1199	405					5179		454	8080	36	0	0		935	10727		197	3270		410	20650	395	15738	24	480	19125	-137	0
30 sep  fre			409	2911	121		1080	406					7024		455	8747	33	0	0		936	11015		282	12620		424	23530	408	16374	30	435	17458	-62	0
01 okt  lør			409	3269	121		1075	406					5740		453	8468	23	0	0		936	10084		182	8370		454	31200	422	16806	46	432	17204	-27	0
02 okt  søn			409	5052	121		1242	(280)					(3443)		120	2172	10	0	0		250	2851		337	17290		456	29280	517	20693	29	81	3242	177	0
03 okt  man			409	4729	121		1651	330					5426		409	7657	30	0	0		860	11805		186	10820		344	22640	347	13706	39	395	15602	47	0
04 okt  tir			409	2706	121		1205	240					4949		366	7187	34	0	0		770	8860		223	9370		407	25480	502	19903	22	432	17128	45	0
05 okt  ons			409	3231	121		1327	406					5884		449	8792	35	0	0		936	10441		391	10060		412	23010	485	19284	16	442	17574	44	0
06 okt  tor			368	2762	121		1149	447					6944		511	9823	34	0	0		936	10856		212	8160		374	21940	453	17975	18	455	18054	-15	0
07 okt  fre			361	3004	121		1120	391					5375		448	8641	34	0	0		873	9499		262	12080		409	22970	487	19371	16	456	18138	-8	0
08 okt  lør			361	2219	108		968	384					6108		436	8272	34	0	0		853	9295		258	9100		402	20240	471	18700	8	456	18104	-8	0
09 okt  søn			361	3441	97		980	406					6246		476	8849	33	0	0		864	10668		243	10533		388	19010	461	18366	3	106	4223	143	0
10 okt  man			361	3804	97		1016	406					5816		458	8824	34	0	0		864	10636		229	9947		386	20360	466	18351	10	400	15752	152	0
11 okt  tir			361	2123	97		882	406					6758		458	8965	34	0	0		864	9763		223	9390		385	20360	454	17780	13	478	18720	-18	0
12 okt  ons			361	2023	97		900	406					6632		462	8849	35	0	0		864	9555		194	4740		377	17010	427	16685	2	480	18756	-63	0
13 okt  tor			361	2162	97		929	406					6548		471	9051	33	0	0		864	9638		200	8110		358	22820	417	16283	29	480	18743	-76	0
14 okt  fre			361	2105	97		879	406					6554		472	8777	36	0	0		864	9538		150	7680		352	21920	404	15690	28	480	18642	-109	0
15 okt  lør			361	2552	97		922	406					6189		480	8914	33	0	0		864	9663		179	8610		362	21390	409	15944	25	479	18673	-114	0
16 okt  søn			361	2060	97		885	406					6953		480	9121	32	0	0		864	9898		189	10850		367	21430	411	15935	26	114	4420	65	0
17 okt  man			361	2035	97		942	406					6295		473	8605	34	0	0		864	9272		179	8795		375	21850	420	16346	25	442	17202	89	0
18 okt  tir			361	2345	97		956	406					6318		472	8687	38	0	0		864	9619		123	6335		322	20400	348	13552	34	479	18653	-111	0
19 okt  ons			361	4048	97		1543	332					5381		436	8171	38	0	0		790	10973		209	7860		404	24430	443	17179	30	480	18614	-76	0
20 okt  tor			361	3210	97		1314	404					6897		483	8374	40	0	0		862	11421		211	6230		409	24920	437	17051	32	480	18729	-64	0
21 okt  fre			361	3927	54		962	425					4806		498	7385	40	0	0		840	9696		200	5070		394	23060	420	16436	29	480	18784	-105	0
22 okt  lør			361	2999	80		994	398					5842		465	7215	38	0	0		839	9835		161	6595		386	23180	413	16233	30	480	18866	-105	0
23 okt  søn			361	3667	96		1456	382					4807		443	7775	35	0	0		839	9930		175	9625		385	23200	402	15767	32	86	3373	47	0
24 okt  man			361	3368	114		1015	364					4888		490	6327	39	0	0		839	9271		150	8110		384	23550	410	16028	32	393	15363	120	0
25 okt  tir			361	2557	115		1232	363					5371		417	7288	38	0	0		839	9159		176	8350		386	22740	396	15472	32	432	16878	-26	0
26 okt  ons			361	2755	140		1512	338					5527		405	8461	39	0	0		839	9793		181	6590		381	22090	400	14987	32	452	16935	-36	0
27 okt  tor			361	2354	145		1579	308					6114		386	8403	41	0	0		814	10047		182	3390		386	17530	388	15261	13	432	16992	-62	0
28 okt  fre			361	2029	145		1550	382					7758		438	10357	38	0	0		888	11337		172	9170		386	24550	413	16210	34	431	16917	-47	0
29 okt  lør			376	1998	151		1580	398					8105		466	11034	38	0	0		925	11683		166	8810		410	25140	424	16661	34	248	9745	-30	0
30 okt  søn			361	1910	145		1477	347					7030		432	9906	22	0	0		853	10417		183	9460		391	23530	364					309	0
31 okt  man			315	1605	145		1464	120					4053		295	6679	6	0	0		579	7122		323	16060		376	21820	518	20135	8	334	12983	229	0
01 nov  tir			313	1756	144		1433	378					8902		446	10189	38	0	0		835	12092		240	11590		368	20800	470	18194	13	431	16685	42	0
02 nov  ons			313	1768	145		1513	377					9145		462	10504	38	0	0		835	12426		180	10420		295	19200	409	15731	18	432	16616	-79	0
03 nov  tor			313	1557	145		1383	381					10210		440	10298	37	0	0		839	13150		252	11140		301	18010	438	16926	6	432	16694	34	0
04 nov  fre			310	2068	154		1553	376					6786		433	9074	36	0	0		840	10407		77	4360		265	16670	240	9307	44	432	16752	-101	0
05 nov  lør			313	2521	137		1406	390					6280		443	8525	12	0	0		840	10207		204	9260		384	23920	352	13559	43	432	16641	-40	0
06 nov  søn			313	1882	139		1369	388					5989		429	7827	16	0	0		840	9240		168	8910		386	23670	335	12887	46	98	3770	100	0
07 nov  man			313	1754	159		445	276					7209		461	9819	24	0	0		748	9407		240	11960		407	24570	321	12458	49	400	15524	71	0
08 nov  tir			302	1763	122		1280	296					6622		474	10460	30	0	0		720	9666		276	12660		408	22770	530	20602	10	459	17843	69	0
09 nov  ons			313	2323	177		2008	(112)					406		230	4572	13	0	0		379	4736		364	8880		409	20060	424	16435	18	420	16280	-33	0
10 nov  tor			280	1913	174		1634	209					4997		437	9050	2	0	0		662	8544		294	7190		387	20000	418	16147	19	456	17615	-47	0
11 nov  fre			313	2012	178		1843	(135)					269		162	3377	40	0	0		356	4124		290	12793		386	18000	424	16351	9	456	17585	-55	0
12 nov  lør			313	1854	181		1921	109					3712		284	6611	40	0	0		603	7487		256	12557		386	18470	395	15256	17	456	17612	-79	0
13 nov  søn			313	1881	180		1835	340					6493		399	9106	37	0	0		833	10210		210	10330		385	18480	398	15379	17	100	3864	85	0
14 nov  man			313	2454	171		1833	352					5364		407	8133	39	0	0		836	9650		182	7590		371	19360	379	14450	25	409	15594	99	0
15 nov  tir			313	2609	169		1573	359					5338		410	7462	41	0	0		840	9520		112	5040		319	19580	362	13872	29	456	17474	-80	0
16 nov  ons			313	3063	169		1585	359					4547		416	7590	39	0	0		840	9194		127	6320		332	19990	395	14884	26	456	17182	-117	0
17 nov  tor			313	3842	128		1419	380					3296		440	6319	39	0	0		821	8556		55	3260		229	14410	232	8746	39	456	17190	-229	0
18 nov  fre			313	4538	119		1518	888					6117		937	9425	39	0	0		1320	12173		84	4890		361	22510	393	14861	34	456	17243	-136	0
19 nov  lør			313	4195	121		1491	886					6700		936	9009	38	0	0		1320	12386		111	6410		378	24520	419	16573	32	446	17641	-93	0
20 nov  søn			313	4223	121		1575	885					7597		941	10393	35	0	0		1319	13395		141	8750		384	25210	465					199	0
21 nov  man			313	3650	121		1557	884					8464		1009	11616	38	0	0		1318	13671		114	5500		386	22990	435	16645	28	415	15880	114	0
22 nov  tir			313	3176	121		1372	886					10727		992	14201	38	0	0		1320	15275		122	4900		386	24120	432	16624	31	432	16624	-22	0
23 nov  ons			313	3089	132		1467	843					12050		950	14691	36	0	0		1288	16606		144	7150		385	26480	435	16767	37	432	16651	-42	0
24 nov  tor			313	3116	133		1467	827					12898		934	14715	39	0	0		1272	17481		148	5890		385	25990	423	16399	37	432	16748	-17	0
25 nov  fre			313	2941	132		1386	827					13953		939	15149	39	0	0		1272	18280		159	7440		386	27300	415	16098	41	432	16757	-9	0
26 nov  lør			313	3001	125		1278	834					14253		950	15570	39	0	0		1272	18532		145	6830		386	26240	431	16830	36	432	16869	-31	0
27 nov  søn			313	3030	113		1257	741					13312		883	14948	40	0	0		1167	17599		157	8030		386	24780	399	15647	37	51	2000	141	0
28 nov  man			313	2851	101		977	442					7966		533	10988	39	0	0		856	11794		188	9720		385	24460	390	15339	37	395	15536	127	0
29 nov  tir			313	2887	97		904	(3)					1774		233	5384	40	0	0		407	5565		235	12580		356	22490	317	12468	45	432	16991	-8	0
30 nov  ons			313	3515	105		1003	319					4721		385	7972	41	0	0		737	9239		206	10740		356	22820	408	15312	33	455	17076	-58	0
01 dec  tor			313	3412	109		1099	414					5352		453	7619	39	0	0		836	9863		221	12230		386	25670	443	17605	31	432	17168	-58	0
02 dec  fre			313	2926	109		1061	418					6975		461	9892	40	0	0		840	10962		203	10920		386	25440	453	18080	29	432	17242	-40	0
03 dec  lør			313	2924	109		970	(152)					(471)		145	3340	33	0	0		270	3423		278	14620		386	22380	420	16774	25	432	17253	-37	0
04 dec  søn			313	2841	109		999	(422)					(3840)		0	0	15	0	0					361	12400		386	17830	433	17486	2	133	5371	64	0
05 dec  man			250	2213	87		869	275					5169		366	7946	38	0	0		612	8250		237	8650		385	19320	427	17012	12	363	14462	130	0
06 dec  tir			313	2864	109		835	359					6156		414	11050	38	0	0		781	9855		210	11180		386	21180	456	18181	14	432	17224	2	0
07 dec  ons			313	3299	67		195	385					6305		496	10053	38	0	0		765	9799		168	8370		352	20800	430	17081	18	432	17160	-27	0
08 dec  tor			313	2984	70		1186	(64)					(466)		201	3513	35	0	0		319	3704		382	17930		378	21580	590	23376	(8)	432	17116	22	0
09 dec  fre			313	3611	109		1451	346					3890		382	6225	39	0	0		768	8951		214	11580		337	19540	402	15872	19	432	17056	1	0
10 dec  lør			313	4456	114		1393	377					2554		418	4987	23	0	0		804	8403		193	11640		338	19890	402	15750	21	432	16925	-57	0
11 dec  søn			313	3900	121		1540	(193)					(3013)		127	1511	9	0	0		241	2427		326	18110		334	15720	523	20475	(30)	229	8965	-16	0
12 dec  man			313	3148	121		1284	578					5767		669	8349	1	0	0		1012	10199		178	8690		318	18530	452	17502	6	378	14637	126	0
13 dec  tir			313	2980	121		1253	766					9416		860	12639	28	0	0		1200	13649		90	4860		265	17430	355	13619	22	432	16573	-33	0
14 dec  ons			313	2951	121		1237	766					10852		860	13183	40	0	0		1200	15040		61	2950		287	19320	339	13021	33	254	9756	-71	0
15 dec  tor			313	3019	121		852	765					11783		862	14073	39	0	0		1199	15655		123	6380		360	24630	423	16339	34	374	14446	41	0
16 dec  fre			313	2826	121		1190	747					11974		842	13893	39	0	0		1180	15990		84	4360		336	23410	408	15826	32	408	15826	-23	0
17 dec  lør			313	2985	121		1195	528					8690		618	11289	28	0	0		961	12870		185	10220		380	25270	448	17496	31	408	15934	9	0
18 dec  søn			313	3068	121		1163	383					5779		429	12623	12	0	0		816	10010		145	8660		359	21810	434	16892	23	166	6461	26	0
19 dec  man			313	2833	121		1250	382					6246		427	12115	33	0	0		816	10329		98	5900		347	21210	447	17378	18	308	11974	151	0
20 dec  tir			313	2879	121		1237	382					7113		426	12934	39	0	0		816	11228		84	5150		336	21400	313	12214	43	432	16857	-50	0
21 dec  ons			313	2947	121		1153	382					6927		427	12698	40	0	0		816	11027		104	6440		338	21960	331	12949	41	428	16744	-116	0
22 dec  tor			313	3221	121		1220	359					5681		408	12184	39	0	0		793	10122		126	7950		379	23990	383	15043	37	432	16968	-108	0
23 dec  fre			313	3917	121		1473	241					2091		328	5044	39	0	0		675	7480		153	9330		362	25180	392	15535	38	411	16288	-86	0
24 dec  lør			313	4284	121		1539	358					1885		396	4483	30	0	0		792	7708		175	10850		409	29260	407	16256	44	408	16296	-58	0
25 dec  søn			313	3664	121		1451	358					3175		398	5313	14	0	0		792	8290		205	10820		409	28360	347	13941	51	142	5705	18	0
26 dec  man			313	3752	121		1314	358					2673		400	5267	1	0	0		792	7738		232	14350		409	25820	511	20466	21	273	10934	80	0
27 dec  tir			313	3326	121		1260	358					4192		403	6982	0	0	0		792	8778		232	13260		409	25590	450	18060	29	301	12080	207	0
28 dec  ons			313	3131	121		1147	358					4611		405	7176	27	0	0		792	8888		172	9860		370	22380	454	18177	19	384	15374	40	0
29 dec  tor			313	3014	121		1152	358					5307		402	5245	30	0	0		792	9473		168	9650		340	20140	359	14454	28	384	15461	-24	0
30 dec  fre			313	3117	121		1075	358					5617		398	5103	39	0	0		792	9810		124	5460		337	20810	378	15284	27	384	15527	-38	0
31 dec  lør			313	3255	121		1123	357					5773		408	7348	32	0	0		791	10151		140	6170		338	20590	385	15578	24	384	15538	-35	0
01 jan  søn			313	4048	121		1357	357					3483		403	7263	17	0	0		791	8888		168	6770		337	21220	350	14186	33	81	3283	33	0
02 jan  man			313	3299	121		1235	357					4319		397	5845	0	0	0		791	8854		167	9130		361	22340	453	18412	18	317	12884	189	0
03 jan  tir			313	3772	121		1326	358					3022		398	5735	35	0	0		792	8120		140	8550		344	21450	390	15745	27	384	15503	23	0
04 jan  ons			313	3369	121		1391	358					3978		396	5697	25	0	0		792	8738		154	9610		336	22120	396	15922	28	426	17128	-107	0
05 jan  tor			313	3186	121		1181	358					5002		398	5744	36	0	0		792	9368		168	9210		354	22130	415	16091	27	416	16130	-49	0
06 jan  fre			313	3125	121		1179	358					5226		398	5726	39	0	0		792	9530		135	8430		320	20120	389	15427	23	446	17688	-63	0
07 jan  lør			313	3278	114		1119	381					5513		419	6039	38	0	0		808	9910		140	8300		346	21500	388	15557	28	408	16359	-77	0
08 jan  søn			313	3194	109		999	395					6123		435	6255	27	0	0		816	10316		168	10180		356	22430	356	14203	37	133	5306	36	0
09 jan  man			313	3097	109		1002	395					6177		436	6282	38	0	0		816	10276		173	10550		378	22310	487	19586	12	363	14599	112	0
10 jan  tir			313	3069	109		999	417					3617		458	6444	39	0	0		839	7685		93	5550		386	16830	376	15211	10	408	16506	14	0
11 jan  ons			313	3431	109		1336	779					3956		863	6218	33	0	0		1200	8723		179	10290		384	24870	440	17602	29	408	16322	-16	0
12 jan  tor			313	4058	109		1268	779					4099		865	6225	22	0	0		1200	9425		196	12090		385	29270	461	18426	37	408	16308	1	0
13 jan  fre			313	3515	100		1032	787					5628		877	6318	41	0	0		1200	10175		116	7570		370	25270	411	15946	37	407	15791	-34	0
14 jan  lør			313	3562	97		979	790					6824		881	10841	39	0	0		1200	11365		128	7720		361	22860	409	15966	30	408	15927	-73	0
15 jan  søn			313	3376	97		966	790					8543		885	11116	39	0	0		1199	12885		97	6190		362	22750	357	13865	39	55	2136	58	0
16 jan  man			313	3022	97		1039	789					7917		881	11070	27	0	0		1199	11978		83	5420		328	20720	395	14477	30	314	11508	116	0
17 jan  tir			313	3188	97		979	790					8053		832	10440	39	0	0		1200	12220		57	3760		274	17990	277	11180	38	408	16467	-65	0
18 jan  ons			313	2896	97		1014	790					8209		829	9897	41	0	0		1200	12119		143	8630		398	25390	416	16757	34	408	16435	-32	0
19 jan  tor			313	2807	97		987	790					8017		828	10770	39	0	0		1200	11811		170	10745		409	25210	409	16553	34	408	16513	-14	0
20 jan  fre			313	2407	97		957	790					8576		828	10812	39	0	0		1200	11940		116	4955		409	25710	433	17543	32	395	16003	-18	0
21 jan  lør			313	2731	97		981	790					8967		829	11804	38	0	0		1200	12678		131	6110		410	27640	406	16397	41	370	14943	-23	0
22 jan  søn			313	3936	97		1000	790					8106		828	12479	24	0	0		1200	13041		120	6790		409	27640	415	16839	39	271	10996	15	0
23 jan  man			313	5102	97		910	593					5302		694	10861	41	0	0		1003	11314		159	9240		409	26390	504	20590	22	286	11684	129	0
24 jan  tir			313	6355	97		934	461					1444		502	7568	38	0	0		870	8733		174	8910		393	25640	414	16273	37	402	15801	17	0
25 jan  ons			313	14214	97		955	407					(7424)		447	6470	37	0	0		816	7744		202	10420		408	26800	406	15888	41	409	16005	-1	0
26 jan  tor			313	7849	97		1001	406					(85)		451	6611	38	0	0		816	8765		184	8810		408	27120	410	16091	41	408	16013	7	0
27 jan  fre			313	10974	97		952	406					(1941)		451	6638	38	0	0		816	9985		109	5300		343	22510	368	14432	36	408	16001	-87	0
28 jan  lør			313	18256	97		966	406					(10181)		450	6680	36	0	0		816	9041		173	7000		409	27230	400	15727	42	358	14076	-25	0
29 jan  søn			313	19683	97		943	405					(12578)		455	6448	22	0	0		815	8047		180	10050		407	26630	386					198	0
30 jan  man			313	5176	105		1065	397					1692		439	5766	40	0	0		815	7933		225	10370		411	24840	442	17979	28	369	15010	107	0
31 jan  tir			313	8798	106		8539	397					(9039)		437	6123	40	0	0		816	8298		204	4260		409	23970	397	16137	33	472	19186	-35	0
01 feb  ons			313	5390	106		3628	397					(799)		436	6221	38	0	0		816	8219		128	5700		408	31910	415	17022	47	480	19689	-91	0
02 feb  tor			311	2202	105		813	(77)					326		181	2637	39	0	0		339	3341		253	13550		393	38377	410	16790	56	472	19330	-86	0
03 feb  fre			313	2261	106		850	395					5537		426	6057	38	0	0		814	8648		136	6380		360	26233	331	13737	48	380	15771	-90	0
04 feb  lør			313	2466	107		817	396					5364		431	5965	38	0	0		816	8647		160	7340		384	18460	371	15457	16	360	14999	-35	0
05 feb  søn			313	2740	108		847	46					1249		246	3560	22	0	0		467	4836		270	9150		386	17820	400	16851	5	187	7878	-38	0
06 feb  man			313	2403	108		833	328					4810		390	5243	32	0	0		749	8046		231	6370		383	22420	373	15607	30	385	16109	74	0
07 feb  tir			311	2250	108		722	389					5175		427	5747	41	0	0		808	8146		244	9930		385	21400	399	16870	21	436	18434	-35	0
08 feb  ons			313	2235	109		765	394					5090		431	5826	38	1	14		816	8090		174	7190		387	20890	380	15191	27	432	17270	-60	0
09 feb  tor			313	2280	109		773	364					4837		373	4871	38	0	2		786	7889		189	8190		374	20240	375	14858	27	432	17117	-84	0
10 feb  fre			313	2247	118		800	391					5293		383	5258	39	0	0		822	8340		157	6680		345	18400	334	13309	28	375	14943	-80	0
11 feb  lør			313	2255	121		842	394					5220		388	5216	39	0	0		828	8316		204	8690		386	21000	382	15405	27	360	14518	-25	0
12 feb  søn			313	2208	121		838	395					5381		388	5372	34	0	0		828	8427		180	5690		386	20660	387	15504	25	241	9655	-6	0
13 feb  man			313	2204	121		862	642					7918		640	8428	38	0	3		1076	10984		120	3940		366	19890	347	13975	30	330	13290	15	0
14 feb  tir			313	2145	121		892	824					10202		765	10126	38	59	2487		1257	13239		154	8230		385	22160	422	16833	24	360	14360	11	0
15 feb  ons			313	2761	121		884	839					9946		772	10324	40	73	3067		1273	13591		140	8080		385	22340	361	14483	35	361	14483	-83	0
16 feb  tor			313	2805	121		918	839					9539		767	9431	40	73	3063		1272	13262		170	5870		385	22530	429	17526	22	360	14708	-66	0
17 feb  fre			313	3012	121		905	838					8631		864	11790	39	65	2740		1272	12548		110	4420		377	22470	356	14718	34	359	14843	-120	0
18 feb  lør			313	2810	121		859	839					8704		939	13318	37	0	0		1272	12373		110	4410		386	22720	386	16215	29	360	15123	-10	0
19 feb  søn			313	3291	121		873	838					7545		938	12393	24	0	0		1271	11709		150	3190		383	24310	437	11362		1	26	170	0
20 feb  man			313	2321	121		844	808					7626		907	11152	22	1	19		1241	10790		70	2160		301	22920	359					376	0
21 feb  tir			308	2362	119		856	569					5643		719	7541	27	0	1		996	8861		170	5550		355	29810	374	16016	46	346	14817	81	0
22 feb  ons			313	3109	121		1388	728					5723		833	7266	35	0	2		1162	10220		182	6570		359	26490	404	17373	34	360	15481	-6	0
23 feb  tor			313	2909	123		1397	764					5939		861	9063	32	0	0		1200	10244		214	4100		343	23400	470	20274	13	374	16133	38	0
24 feb  fre			313	3406	127		1588	715					5568		822	7482	38	0	0		1155	10562		90	1860		172	11900	234	9946	16	384	16321	-122	0
25 feb  lør			313	3237	128		1336	759					5780		859	7500	37	0	0		1200	10353		64	2740		247	20530	262	10878	47	384	15943	-128	0
26 feb  søn			313	3421	130		1544	758					6092		857	7540	23	0	0		1200	11057		161	5080		264	20740	399	16383	21	154	6323	109	0
27 feb  man			313	3526	200		266	257					2835		602	5310	8	0	0		770	6626		328	7680		303	19380	516	22150	(14)	357	15325	93	0
28 feb  tir			313	3244	65		1	702					6218		870	7905	3	0	0		1080	9462		276	5840		270	16750	544	22453	(34)	384	15850	100	0
01 mar  ons			313	3147	124		1263	650					5144		882	8157	24	0	0		1087	9554		131	2660		264	18190	315	13140	28	384	16019	-45	0
02 mar  tor			280	2748	145		1283	644					4706		808	7454	5	0	0		1069	8736		207	5750		338	23080	375	15685	32	384	16061	-46	0
03 mar  fre			265	2391	145		1266	755					4940		857	7738	24	0	0		1165	8597		86	2710		343	25200	390	16109	36	384	15861	-17	0
04 mar  lør			265	2363	145		1306	786					5301		891	8081	36	0	0		1196	8970		142	3780		349	24530	397	17195	30	361	15636	-10	0
05 mar  søn			265	2682	151		1343	784					4994		890	8604	34	0	0		1200	9018		153	3430		349	24210	383					215	0
06 mar  man			265	2752	148		1381	744					4419		852	7711	37	0	0		1157	8552		139	2320		340	20500	378	15942	22	344	14508	77	0
07 mar  tir			188	1622	88		92	780					6795		967	8653	39	0	0		1056	8509		129	3340		327	21270	357	15372	28	422	18171	-79	0
08 mar  ons			120	959	102		930	960					6659		1132	10783	37	0	0		1181	8548		138	4000		376	24840	399	16396	34	302	12410	9	0
09 mar  tor			264	2224	145		1287	786					6401		887	8506	34	0	0		1195	9912		186	5340		385	27260	432	18364	33	367	15601	33	0
10 mar  fre			265	2120	145		1285	791					6833		890	8082	37	0	0		1200	10238		136	4660		355	26530	369	15915	40	408	17597	-49	0
11 mar  lør			265	2025	145		1148	790					6693		888	8785	36	0	0		1200	9866		177	4610		386	25830	384	16448	36	385	16491	-22	0
12 mar  søn			265	2055	145		1158	636					5177		774	6749	23	0	0		1046	8390		206	4130		382	23130	400	16431	29	153	6285	117	0
13 mar  man			265	2121	145		1162	752					7041		870	8747	26	0	0		1162	10323		206	5690		383	25220	409	14729	42	378	13613	48	0
14 mar  tir			265	2032	145		1047	579					5565		734	7345	21	0	0		989	8644		89	3020		240	18450	259	9594	48	408	15113	-112	0
15 mar  ons			229	1756	145		1069	466					5032		624	6505	18	40	1538		839	7857		66	2950		289	20620	304	11305	45	408	15172	-126	0
16 mar  tor			185	1454	144		1077	642					6579		743	7274	23	59	2271		971	9110		211	9390		371	30400	408	15268	50	401	15006	-57	0
17 mar  fre			265	2337	145		1175	790					7939		816	8127	27	73	2641		1200	11451		145	6700		348	28560	435	16354	43	356	13384	-56	0
18 mar  lør			265	2495	145		1445	792					7931		818	7628	29	73	2163		1201	11871		207	10190		386	33030	406	14630	56	118	4252	87	0
19 mar  søn			265	2390	145		1377	790					7738		821	7766	29	74	2021		1200	11504		189	8750		385	31940	409	15282		11	411	189	0
20 mar  man			265	2399	145		1562	808					7915		838	7934	38	73	2774		1218	11876		190	7710		386	28930	405	15149	48	385	14401	4	0
21 mar  tir			263	2570	143		1591	748					7325		785	7332	41	69	2667		1154	11486		177	8170		349	28050	372	14060	50	432	16328	-112	0
22 mar  ons			265	2761	145		1360	826					8134		855	8144	38	72	2822		1236	12255		206	8780		386	29470	411	15668	47	359	13686	-65	0
23 mar  tor			265	2618	145		1385	773					7475		817	8018	38	62	2397		1183	11477		221	9160		384	28540	431	16245	43	394	14850	-21	0
24 mar  fre			265	2511	145		1289	803					7381		907	8793	36	0	0		1213	11181		130	5330		363	26160	396	14913	43	432	16269	-38	0
25 mar  lør			254	2342	139		1354	791					7307		891	8622	36	0	0		1184	11003		120	4310		346	24490	386	14645	40	414	15707	-87	0
26 mar  søn			265	2386	136		1227	835					7766		938	9204	39	0	0		1236	11379		136	4620		361	24180	403	14955	38	101	3748	147	0
27 mar  man			265	2282	121		929	851					7940		963	9353	41	0	0		1237	11151		136	5610		352	25810	436	16624	36	399	15214	11	0
28 mar  tir			265	2223	121		887	838					7778		945	9102	38	0	0		1224	10888		186	8377		353	27450	376	14324	48	412	15695	-58	0
29 mar  ons			265	2416	141		1048	820					7567		925	8890	39	0	0		1226	11030		129	5983		327	25940	290	11414	56	117	4605	-50	331
30 mar  tor			265	2564	145		1046	814					7488		921	8902	40	0	0		1224	11098		134	6270		375	29640	388	14819	50	290	11076	111	1844
31 mar  fre			265	2421	145		1214	814					7513		921	8894	43	0	0		1224	11148		160	7950		385	31928	394	15214	52	408	15755	-22	605
01 apr  lør			265	2328	145		1222	814					7973		922	9423	41	0	0		1224	11523		161	8230		386	34013	374	14356	58	316	12130	7	2
02 apr  søn			265	2301	145		1213	814					8372		923	10070	39	0	0		1224	11886		122	6270		383	30700	431					329	207
03 apr  man			265	2289	162		1297	797					7932		902	9249	40	0	0		1224	11518		243	9020		385	27480	437	16386	40	418	15674	65	269
04 apr  tir			60	489	96		824	1000					9404		1116	11431	31	0	0		1156	10716		270	11150		398	27390	507	19647	28	742	28754	-209	319
05 apr  ons			256	2246	73		644	897					9018		1023	11237	40	0	0		1226	11907		236	11565		408	29330	545	20760	29	621	23655	-131	389
06 apr  tor			277	2343	73		671	878					8986		996	10871	41	0	0		1227	11999		180	6795		324	23550	409	15457	34	713	26945	-240	253
07 apr  fre			313	2575	73		688	838					8408		942	9990	39	0	0		1224	11671		233	11270		380	28320	552	21245	25	330	12701	68	166
08 apr  lør			313	2591	73		635	838					8838		943	10676	39	0	0		1224	12063		279	12887		408	29870	577	22065	26	360	13767	130	0
09 apr  søn			313	2496	73		629	838					9001		942	10698	40	0	0		1224	12125		263	12233		349	24720	511	19621	21	217	8332	221	1
10 apr  man			313	2473	130		1063	780					8673		886	10272	41	0	0		1223	12208		74	3280		244	17460	330	12231	30	569	21089	-171	263
11 apr  tir			313	2562	146		1122	765					8072		871	9637	41	0	0		1224	11756		171	6150		220	15310	398	15184	1	695	26515	-239	272
12 apr  ons			313	2881	213		1647	698					7151		799	8179	41	0	0		1224	11679		247	11200		283	20240	616	24116	(19)	441	17265	11	376
13 apr  tor			313	2559	283		1930	628					7226		727	8263	40	0	0		1224	11715		205	9430		229	17520	432	16377	7	384	14557	29	293
14 apr  fre			313	2839	337		2601	147					2059		441	4667	26	0	0		797	7499		265	12140		218	15500	416	15493	0	164	6108	132	30
15 apr  lør			313	2686	337		2848	645					6224		747	6760	1	0	0		1295	11758		225	10690		196	13650	538	21004	(54)	315	12298	184	327
16 apr  søn			313	2936	337		2574	645					6320		746	6805	1	0	0		1295	11830		165	7760		147	10510	466	18206	(73)	336	13127	129	191
17 apr  man			313	2962	336		2112	197					2381		486	4479	0	0	0		846	7454		24	1140		20	1430	52	2019	(41)	155	6018	-75	32
18 apr  tir			306	2625	328		1501	177					2680		458	4424	0	0	0		810	6806		0	0		319	23060	312	12112	47	310	12034	-25	239
19 apr  ons			313	2581	0		0	983					9107		1074	10442	1	0	0		1296	11688		139	6910		386	28240	405	15561	45	348	13371	26	254
20 apr  tor			313	2610	0		0	983					9426		1075	10905	0	0	0		1296	12035		48	2070		342	24780	298	11462	54	348	13385	-40	223
21 apr  fre			313	2607	0		0	983					9465		1075	10978	0	0	0		1296	12072		20	780		328	21630	335	12926	40	348	13428	-34	225
22 apr  lør			313	2507	0		0	628					6555		779	8645	0	0	0		941	9062		154	6590		381	33010	446	17064	48	347	13276	1	244
23 apr  søn			313	2522	0		0	983					8951		1084	12577	0	0	0		1296	11473		105	5310		337	26310	401					250	233
24 apr  man			313	2505	0		0	983					8365		1084	11962	0	0	0		1296	10869		81	3810		337	27170	355	13658	50	661	25430	-214	228
25 apr  tir			313	2539	1		1	894					7425		999	10964	23	0	0		1208	9965		0	0		308	18450	282	10834	41	681	26163	-429	214
26 apr  ons			313	2443	94		850	769					5428		872	9172	41	0	0		1176	8721		168	7700		361	32400	439	17237	47	524	20575	-149	110
27 apr  tor			313	2492	121		1048	765					5234		868	8779	40	0	0		1199	8773		214	9520		386	30180	428	17074	43	304	12127	-62	2
28 apr  fre			313	3139	121		1270	765					4476		866	9521	41	0	0		1199	8885		212	12290		397	34720	413	16448	53	281	11191	114	21
29 apr  lør			313	2614	143		1376	766					5890		866	8080	39	0	0		1222	9880		185	8220		374	32500	386	15364	53	310	12339	51	16
30 apr  søn			313	2436	145		1248	790					6141		894	9511	34	0	0		1248	9825		137	5990		361	30650	388					313	0
Antal			486	486	486		486	486					486		486	486	486	486	486		482	482		486	486		486	486	486	466	456	466	464	486	486
Total			152491	1680860	56793		604346	278872					2620087		327084	4057266	14113	867	32692		488156	4905293		83074	4061600		183563	12470550	192950	7047945		180211	6888305	516	8179
Gennemsnit			314	3459	117		1244	574					5391		673	8348	29	2	67		1013	10177		171	8357		378	25660	397	15124	38	387	14845	1	17
																																			
																																			
		Historian Guide																																	
A		Tag Configuration		Tag EGU		Tag Compression				Tag Data																									
																																			
