																																	
																																	
																																	
	Rapportperiode: 01-01-2016  -  01-05-2017														Ejby Mølle Renseanlæg																		
																																	
	Drifttimer Luftningstank 2: januar 2016																																
																																	
																																	
																																	
																																	
			LT-RO1.2			LT-RO2.2			LT-RO3.2				LT-RO4.2					LT-RO5.2		LT-RO6.2		LT-OM1.2		LT-OM2.2			LT-OM3.2			LT-OM4.2			
			"Rotor
 Drifttimer"			"Rotor
 Drifttimer"			"Rotor
 Drifttimer"				"Rotor
 Drifttimer"					"Rotor 
Drifttimer"		"Rotor 
Drifttimer"		Omrører Drifttimer		Omrører Drifttimer			Omrører Drifttimer			Omrører Drifttimer			
Dato			Total h	Døgn h		Total h	Døgn h		 Total h	Døgn h			Total h			Døgn h		 Total h	Døgn h	Total h	 Døgn h	Total h	Døgn h	Total h		Døgn h	Total h	Døgn h		Total h	Døgn h		
01 jan  fre			93689	7.0		91029	9.0		57256	1.0			57114			1.0		87887	7.0	88174	10.0	42063	2.0	51022		1.0	50439	1.0		51070	1.0		
02 jan  lør			93696	7.0		91035	6.0		57260	4.0			57118			4.0		87893	6.0	88180	6.0	42067	4.0	51026		4.0	50443	4.0		51074	4.0		
03 jan  søn			93703	7.0		91042	7.0		57264	4.0			57122			4.0		87900	7.0	88186	6.0	42070	3.0	51030		4.0	50446	3.0		51078	4.0		
04 jan  man			93711	8.0		91050	8.0		57268	4.0			57126			4.0		87908	8.0	88193	7.0	42074	4.0	51035		5.0	50451	5.0		51083	5.0		
05 jan  tir			93720	9.0		91058	8.0		57272	4.0			57129			3.0		87917	9.0	88201	8.0	42077	3.0	51039		4.0	50454	3.0		51087	4.0		
06 jan  ons			93731	11.0		91071	13.0		57274	2.0			57131			2.0		87927	10.0	88213	12.0	42079	2.0	51041		2.0	50456	2.0		51089	2.0		
07 jan  tor			93739	8.0		91078	7.0		57278	4.0			57136			5.0		87934	7.0	88220	7.0	42084	5.0	51045		4.0	50460	4.0		51093	4.0		
08 jan  fre			93745	6.0		91084	6.0		57281	3.0			57139			3.0		87940	6.0	88226	6.0	42087	3.0	51049		4.0	50463	3.0		51097	4.0		
09 jan  lør			93752	7.0		91091	7.0		57285	4.0			57142			3.0		87947	7.0	88233	7.0	42092	5.0	51056		7.0	50468	5.0		51104	7.0		
10 jan  søn			93758	6.0		91097	6.0		57288	3.0			57145			3.0		87953	6.0	88239	6.0	42097	5.0	51061		5.0	50473	5.0		51109	5.0		
11 jan  man			93765	7.0		91104	7.0		57292	4.0			57149			4.0		87960	7.0	88246	7.0	42102	5.0	51067		6.0	50478	5.0		51115	6.0		
12 jan  tir			93771	6.0		91110	6.0		57295	3.0			57152			3.0		87965	5.0	88251	5.0	42105	3.0	51070		3.0	50481	3.0		51118	3.0		
13 jan  ons			93779	8.0		91124	14.0		57297	2.0			57156			4.0		87971	6.0	88265	14.0	42106	1.0	51071		1.0	50482	1.0		51119	1.0		
14 jan  tor			93784	5.0		91129	5.0		57299	2.0			57158			2.0		87976	5.0	88270	5.0	42108	2.0	51073		2.0	50484	2.0		51121	2.0		
15 jan  fre			93794	10.0		91142	13.0		57302	3.0			57160			2.0		87985	9.0	88283	13.0	42109	1.0	51074		1.0	50485	1.0		51122	1.0		
16 jan  lør			93808	14.0		91155	13.0		57303	1.0			57163			3.0		87999	14.0	88295	12.0	42109	0.0	51074		0.0	50486	1.0		51122	0.0		
17 jan  søn			93816	8.0		91163	8.0		57307	4.0			57167			4.0		88006	7.0	88303	8.0	42114	5.0	51079		5.0	50491	5.0		51127	5.0		
18 jan  man			93824	8.0		91171	8.0		57311	4.0			57170			3.0		88014	8.0	88311	8.0	42119	5.0	51085		6.0	50495	4.0		51133	6.0		
19 jan  tir			93832	8.0		91179	8.0		57314	3.0			57173			3.0		88021	7.0	88318	7.0	42124	5.0	51092		7.0	50500	5.0		51140	7.0		
20 jan  ons			93840	8.0		91187	8.0		57317	3.0			57176			3.0		88028	7.0	88325	7.0	42129	5.0	51098		6.0	50505	5.0		51146	6.0		
21 jan  tor			93850	10.0		91196	9.0		57321	4.0			57179			3.0		88037	9.0	88334	9.0	42133	4.0	51102		4.0	50509	4.0		51150	4.0		
22 jan  fre			93864	14.0		91207	11.0		57323	2.0			57182			3.0		88050	13.0	88344	10.0	42134	1.0	51103		1.0	50510	1.0		51151	1.0		
23 jan  lør			93877	13.0		91217	10.0		57325	2.0			57184			2.0		88063	13.0	88354	10.0	42135	1.0	51103		0.0	50511	1.0		51151	0.0		
24 jan  søn			93885	8.0		91228	11.0		57326	1.0			57186			2.0		88069	6.0	88364	10.0	42136	1.0	51104		1.0	50512	1.0		51152	1.0		
25 jan  man			93896	11.0		91240	12.0		57327	1.0			57188			2.0		88079	10.0	88376	12.0	42137	1.0	51104		0.0	50513	1.0		51153	1.0		
26 jan  tir			93903	7.0		91248	8.0		57329	2.0			57190			2.0		88085	6.0	88382	6.0	42139	2.0	51109		5.0	50515	2.0		51157	4.0		
27 jan  ons			93912	9.0		91256	8.0		57329	0.0			57191			1.0		88093	8.0	88388	6.0	42142	3.0	51112		3.0	50519	4.0		51160	3.0		
28 jan  tor			93924	12.0		91266	10.0		57329	0.0			57191			0.0		88101	8.0	88395	7.0	42146	4.0	51114		2.0	50523	4.0		51162	2.0		
29 jan  fre			93929	5.0		91271	5.0		57334	5.0			57195			4.0		88107	6.0	88400	5.0	42149	3.0	51116		2.0	50525	2.0		51164	2.0		
30 jan  lør			93932	3.0		91274	3.0		57335	1.0			57196			1.0		88109	2.0	88403	3.0	42151	2.0	51118		2.0	50527	2.0		51166	2.0		
31 jan  søn			93935	3.0		91278	4.0		57336	1.0			57197			1.0		88112	3.0	88406	3.0	42153	2.0	51121		3.0	50529	2.0		51169	3.0		
01 feb  man			93938	3.0		91280	2.0		57337	1.0			57198			1.0		88114	2.0	88408	2.0	42156	3.0	51122		1.0	50532	3.0		51170	1.0		
02 feb  tir			93941	3.0		91283	3.0		57338	1.0			57199			1.0		88117	3.0	88410	2.0	42157	1.0	51124		2.0	50533	1.0		51172	2.0		
03 feb  ons			93943	2.0		91286	3.0		57339	1.0			57200			1.0		88120	3.0	88413	3.0	42157	0.0	51127		3.0	50533	0.0		51174	2.0		
04 feb  tor			93950	7.0		91292	6.0		57340	1.0			57201			1.0		88126	6.0	88418	5.0	42159	2.0	51130		3.0	50535	2.0		51178	4.0		
05 feb  fre			93956	6.0		91300	8.0		57342	2.0			57203			2.0		88131	5.0	88424	6.0	42161	2.0	51134		4.0	50537	2.0		51182	4.0		
06 feb  lør			93964	8.0		91307	7.0		57344	2.0			57205			2.0		88139	8.0	88430	6.0	42166	5.0	51137		3.0	50543	6.0		51185	3.0		
07 feb  søn			93971	7.0		91315	8.0		57347	3.0			57207			2.0		88145	6.0	88437	7.0	42172	6.0	51142		5.0	50548	5.0		51190	5.0		
08 feb  man			93976	5.0		91319	4.0		57348	1.0			57209			2.0		88150	5.0	88441	4.0	42175	3.0	51146		4.0	50551	3.0		51194	4.0		
09 feb  tir			93981	5.0		91324	5.0		57349	1.0			57210			1.0		88155	5.0	88445	4.0	42179	4.0	51149		3.0	50555	4.0		51197	3.0		
10 feb  ons			93987	6.0		91330	6.0		57351	2.0			57211			1.0		88160	5.0	88451	6.0	42181	2.0	51154		5.0	50557	2.0		51202	5.0		
11 feb  tor			93993	6.0		91337	7.0		57353	2.0			57213			2.0		88166	6.0	88458	7.0	42185	4.0	51155		1.0	50561	4.0		51203	1.0		
12 feb  fre			94000	7.0		91345	8.0		57354	1.0			57215			2.0		88172	6.0	88465	7.0	42187	2.0	51157		2.0	50563	2.0		51205	2.0		
13 feb  lør			94006	6.0		91353	8.0		57356	2.0			57217			2.0		88178	6.0	88473	8.0	42192	5.0	51159		2.0	50568	5.0		51207	2.0		
14 feb  søn			94013	7.0		91359	6.0		57358	2.0			57220			3.0		88184	6.0	88478	5.0	42199	7.0	51165		6.0	50575	7.0		51213	6.0		
15 feb  man			94020	7.0		91366	7.0		57361	3.0			57222			2.0		88190	6.0	88484	6.0	42205	6.0	51171		6.0	50581	6.0		51219	6.0		
16 feb  tir			94028	8.0		91374	8.0		57364	3.0			57225			3.0		88197	7.0	88492	8.0	42211	6.0	51177		6.0	50587	6.0		51225	6.0		
17 feb  ons			94036	8.0		91382	8.0		57366	2.0			57228			3.0		88204	7.0	88499	7.0	42217	6.0	51183		6.0	50593	6.0		51231	6.0		
18 feb  tor			94043	7.0		91390	8.0		57369	3.0			57230			2.0		88210	6.0	88506	7.0	42223	6.0	51189		6.0	50599	6.0		51237	6.0		
19 feb  fre			94051	8.0		91398	8.0		57371	2.0			57233			3.0		88218	8.0	88513	7.0	42228	5.0	51194		5.0	50604	5.0		51242	5.0		
20 feb  lør			94056	5.0		91404	6.0		57373	2.0			57234			1.0		88222	4.0	88519	6.0	42232	4.0	51198		4.0	50609	5.0		51246	4.0		
21 feb  søn			94061	5.0		91410	6.0		57375	2.0			57236			2.0		88226	4.0	88524	5.0	42238	6.0	51203		5.0	50614	5.0		51251	5.0		
22 feb  man			94068	7.0		91416	6.0		57377	2.0			57238			2.0		88233	7.0	88529	5.0	42244	6.0	51206		3.0	50620	6.0		51254	3.0		
23 feb  tir			94075	7.0		91424	8.0		57379	2.0			57240			2.0		88239	6.0	88537	8.0	42248	4.0	51211		5.0	50624	4.0		51259	5.0		
24 feb  ons			94083	8.0		91432	8.0		57381	2.0			57243			3.0		88246	7.0	88544	7.0	42253	5.0	51217		6.0	50630	6.0		51265	6.0		
25 feb  tor			94090	7.0		91440	8.0		57384	3.0			57246			3.0		88253	7.0	88551	7.0	42260	7.0	51222		5.0	50636	6.0		51270	5.0		
26 feb  fre			94098	8.0		91448	8.0		57387	3.0			57249			3.0		88260	7.0	88558	7.0	42265	5.0	51229		7.0	50641	5.0		51277	7.0		
27 feb  lør			94105	7.0		91455	7.0		57389	2.0			57251			2.0		88266	6.0	88564	6.0	42272	7.0	51235		6.0	50645	4.0		51286	9.0		
28 feb  søn			94112	7.0		91462	7.0		57392	3.0			57253			2.0		88272	6.0	88571	7.0	42279	7.0	51241		6.0	50645	0.0		51299	13.0		
29 feb  man			94120	8.0		91470	8.0		57395	3.0			57256			3.0		88279	7.0	88578	7.0	42285	6.0	51247		6.0	50645	0.0		51311	12.0		
01 mar  tir			94127	7.0		91478	8.0		57398	3.0			57259			3.0		88286	7.0	88585	7.0	42289	4.0	51252		5.0	50645	0.0		51321	10.0		
02 mar  ons			94132	5.0		91483	5.0		57400	2.0			57261			2.0		88291	5.0	88589	4.0	42293	4.0	51256		4.0	50645	0.0		51328	7.0		
03 mar  tor			94143	11.0		91493	10.0		57407	7.0			57267			6.0		88301	10.0	88598	9.0	42297	4.0	51261		5.0	50645	0.0		51337	9.0		
04 mar  fre			94151	8.0		91502	9.0		57410	3.0			57271			4.0		88308	7.0	88607	9.0	42301	4.0	51267		6.0	50645	0.0		51347	10.0		
05 mar  lør			94157	6.0		91509	7.0		57412	2.0			57274			3.0		88312	4.0	88613	6.0	42303	2.0	51270		3.0	50645	0.0		51353	6.0		
06 mar  søn			94160	3.0		91512	3.0		57413	1.0			57275			1.0		88315	3.0	88616	3.0	42304	1.0	51272		2.0	50645	0.0		51356	3.0		
07 mar  man			94167	7.0		91519	7.0		57418	5.0			57280			5.0		88322	7.0	88623	7.0	42308	4.0	51275		3.0	50645	0.0		51363	7.0		
08 mar  tir			94175	8.0		91527	8.0		57421	3.0			57284			4.0		88329	7.0	88630	7.0	42312	4.0	51279		4.0	50645	0.0		51371	8.0		
09 mar  ons			94183	8.0		91534	7.0		57426	5.0			57289			5.0		88336	7.0	88638	8.0	42318	6.0	51285		6.0	50645	0.0		51383	12.0		
10 mar  tor			94190	7.0		91542	8.0		57431	5.0			57295			6.0		88343	7.0	88645	7.0	42324	6.0	51291		6.0	50645	0.0		51394	11.0		
11 mar  fre			94198	8.0		91550	8.0		57437	6.0			57300			5.0		88351	8.0	88653	8.0	42329	5.0	51296		5.0	50645	0.0		51405	11.0		
12 mar  lør			94205	7.0		91557	7.0		57441	4.0			57304			4.0		88357	6.0	88659	6.0	42336	7.0	51303		7.0	50645	0.0		51418	13.0		
13 mar  søn			94212	7.0		91564	7.0		57443	2.0			57307			3.0		88364	7.0	88666	7.0	42342	6.0	51309		6.0	50645	0.0		51431	13.0		
14 mar  man			94220	8.0		91571	7.0		57447	4.0			57310			3.0		88371	7.0	88673	7.0	42349	7.0	51314		5.0	50649	4.0		51438	7.0		
15 mar  tir			94228	8.0		91579	8.0		57450	3.0			57314			4.0		88378	7.0	88680	7.0	42354	5.0	51320		6.0	50655	6.0		51444	6.0		
16 mar  ons			94236	8.0		91587	8.0		57454	4.0			57318			4.0		88385	7.0	88688	8.0	42360	6.0	51326		6.0	50661	6.0		51450	6.0		
17 mar  tor			94244	8.0		91596	9.0		57459	5.0			57324			6.0		88393	8.0	88696	8.0	42366	6.0	51331		5.0	50666	5.0		51454	4.0		
18 mar  fre			94253	9.0		91604	8.0		57463	4.0			57327			3.0		88401	8.0	88703	7.0	42372	6.0	51336		5.0	50672	6.0		51460	6.0		
19 mar  lør			94261	8.0		91612	8.0		57466	3.0			57330			3.0		88408	7.0	88710	6.0	42377	5.0	51342		6.0	50678	6.0		51466	6.0		
20 mar  søn			94267	6.0		91619	7.0		57468	2.0			57333			3.0		88414	6.0	88716	6.0	42384	7.0	51349		7.0	50684	6.0		51473	7.0		
21 mar  man			94275	8.0		91626	7.0		57471	3.0			57335			2.0		88421	7.0	88723	7.0	42390	6.0	51355		6.0	50690	6.0		51478	5.0		
22 mar  tir			94282	7.0		91633	7.0		57474	3.0			57339			4.0		88428	7.0	88729	6.0	42397	7.0	51361		6.0	50697	7.0		51484	6.0		
23 mar  ons			94289	7.0		91640	7.0		57477	3.0			57342			3.0		88435	7.0	88735	6.0	42403	6.0	51367		6.0	50704	7.0		51491	7.0		
24 mar  tor			94296	7.0		91647	7.0		57480	3.0			57344			2.0		88441	6.0	88741	6.0	42410	7.0	51374		7.0	50710	6.0		51498	7.0		
25 mar  fre			94302	6.0		91653	6.0		57482	2.0			57347			3.0		88446	5.0	88747	6.0	42417	7.0	51381		7.0	50718	8.0		51505	7.0		
26 mar  lør			94307	5.0		91659	6.0		57485	3.0			57349			2.0		88451	5.0	88752	5.0	42424	7.0	51389		8.0	50724	6.0		51512	7.0		
27 mar  søn			94313	6.0		91665	6.0		57487	2.0			57351			2.0		88457	6.0	88757	5.0	42430	6.0	51396		7.0	50730	6.0		51519	7.0		
28 mar  man			94320	7.0		91672	7.0		57489	2.0			57353			2.0		88462	5.0	88763	6.0	42436	6.0	51403		7.0	50737	7.0		51526	7.0		
29 mar  tir			94327	7.0		91679	7.0		57493	4.0			57357			4.0		88469	7.0	88770	7.0	42443	7.0	51409		6.0	50743	6.0		51533	7.0		
30 mar  ons			94336	9.0		91688	9.0		57499	6.0			57362			5.0		88478	9.0	88778	8.0	42448	5.0	51414		5.0	50748	5.0		51538	5.0		
31 mar  tor			94343	7.0		91695	7.0		57503	4.0			57366			4.0		88485	7.0	88785	7.0	42454	6.0	51421		7.0	50754	6.0		51544	6.0		
01 apr  fre			94350	7.0		91702	7.0		57508	5.0			57370			4.0		88492	7.0	88792	7.0	42460	6.0	51427		6.0	50760	6.0		51550	6.0		
02 apr  lør			94357	7.0		91709	7.0		57511	3.0			57373			3.0		88498	6.0	88798	6.0	42467	7.0	51434		7.0	50767	7.0		51557	7.0		
03 apr  søn			94364	7.0		91716	7.0		57514	3.0			57377			4.0		88504	6.0	88805	7.0	42473	6.0	51440		6.0	50773	6.0		51564	7.0		
04 apr  man			94371	7.0		91724	8.0		57519	5.0			57381			4.0		88511	7.0	88812	7.0	42479	6.0	51445		5.0	50779	6.0		51569	5.0		
05 apr  tir			94378	7.0		91730	6.0		57523	4.0			57384			3.0		88517	6.0	88818	6.0	42484	5.0	51450		5.0	50785	6.0		51574	5.0		
06 apr  ons			94385	7.0		91737	7.0		57526	3.0			57387			3.0		88524	7.0	88825	7.0	42487	3.0	51456		6.0	50787	2.0		51580	6.0		
07 apr  tor			94392	7.0		91746	9.0		57528	2.0			57389			2.0		88529	5.0	88833	8.0	42491	4.0	51460		4.0	50791	4.0		51583	3.0		
08 apr  fre			94398	6.0		91752	6.0		57531	3.0			57393			4.0		88535	6.0	88839	6.0	42497	6.0	51466		6.0	50797	5.0		51590	7.0		
09 apr  lør			94405	7.0		91759	7.0		57534	3.0			57396			3.0		88541	6.0	88845	6.0	42504	7.0	51473		7.0	50804	7.0		51596	6.0		
10 apr  søn			94412	7.0		91766	7.0		57537	3.0			57399			3.0		88547	6.0	88852	7.0	42510	6.0	51480		7.0	50810	6.0		51603	7.0		
11 apr  man			94419	7.0		91773	7.0		57540	3.0			57403			4.0		88554	7.0	88858	6.0	42516	6.0	51486		6.0	50816	6.0		51609	6.0		
12 apr  tir			94426	7.0		91781	8.0		57544	4.0			57407			4.0		88561	6.0	88865	7.0	42521	5.0	51491		5.0	50821	5.0		51615	6.0		
13 apr  ons			94433	7.0		91788	7.0		57548	4.0			57412			5.0		88569	8.0	88872	7.0	42527	6.0	51497		6.0	50827	6.0		51621	6.0		
14 apr  tor			94441	8.0		91796	8.0		57554	6.0			57418			6.0		88576	7.0	88880	8.0	42532	5.0	51503		6.0	50832	5.0		51626	5.0		
15 apr  fre			94449	8.0		91803	7.0		57561	7.0			57425			6.0		88584	8.0	88887	7.0	42538	6.0	51509		6.0	50838	6.0		51632	6.0		
16 apr  lør			94455	6.0		91810	7.0		57566	5.0			57429			4.0		88591	7.0	88894	7.0	42544	6.0	51515		6.0	50844	6.0		51638	6.0		
17 apr  søn			94462	7.0		91816	6.0		57570	4.0			57433			4.0		88597	6.0	88900	6.0	42550	6.0	51522		7.0	50850	6.0		51645	7.0		
18 apr  man			94470	8.0		91824	8.0		57573	3.0			57436			3.0		88604	7.0	88907	7.0	42555	5.0	51528		6.0	50856	6.0		51651	6.0		
19 apr  tir			94476	6.0		91831	7.0		57577	4.0			57440			4.0		88610	6.0	88914	7.0	42562	7.0	51534		6.0	50862	6.0		51657	6.0		
20 apr  ons			94484	8.0		91838	7.0		57581	4.0			57445			5.0		88617	7.0	88921	7.0	42568	6.0	51540		6.0	50868	6.0		51663	6.0		
21 apr  tor			94490	6.0		91845	7.0		57586	5.0			57450			5.0		88624	7.0	88927	6.0	42573	5.0	51546		6.0	50874	6.0		51669	6.0		
22 apr  fre			94497	7.0		91851	6.0		57589	3.0			57454			4.0		88630	6.0	88933	6.0	42580	7.0	51552		6.0	50880	6.0		51676	7.0		
23 apr  lør			94504	7.0		91858	7.0		57592	3.0			57457			3.0		88636	6.0	88940	7.0	42586	6.0	51559		7.0	50887	7.0		51683	7.0		
24 apr  søn			94510	6.0		91865	7.0		57595	3.0			57459			2.0		88642	6.0	88946	6.0	42593	7.0	51566		7.0	50893	6.0		51689	6.0		
25 apr  man			94518	8.0		91873	8.0		57598	3.0			57462			3.0		88650	8.0	88953	7.0	42598	5.0	51572		6.0	50899	6.0		51695	6.0		
26 apr  tir			94525	7.0		91880	7.0		57601	3.0			57465			3.0		88656	6.0	88959	6.0	42610	12.0	51573		1.0	50905	6.0		51701	6.0		
27 apr  ons			94531	6.0		91886	6.0		57603	2.0			57468			3.0		88662	6.0	88965	6.0	42615	5.0	51573		0.0	50910	5.0		51707	6.0		
28 apr  tor			94539	8.0		91894	8.0		57607	4.0			57472			4.0		88669	7.0	88972	7.0	42622	7.0	51573		0.0	50916	6.0		51713	6.0		
29 apr  fre			94545	6.0		91900	6.0		57610	3.0			57475			3.0		88675	6.0	88978	6.0	42626	4.0	51573		0.0	50921	5.0		51718	5.0		
30 apr  lør			94551	6.0		91906	6.0		57612	2.0			57477			2.0		88681	6.0	88984	6.0	42632	6.0	51573		0.0	50926	5.0		51722	4.0		
01 maj  søn			94558	7.0		91913	7.0		57615	3.0			57480			3.0		88686	5.0	88990	6.0	42638	6.0	51573		0.0	50932	6.0		51729	7.0		
02 maj  man			94566	8.0		91920	7.0		57618	3.0			57483			3.0		88694	8.0	88997	7.0	42644	6.0	51573		0.0	50939	7.0		51735	6.0		
03 maj  tir			94574	8.0		91928	8.0		57622	4.0			57488			5.0		88702	8.0	89004	7.0	42650	6.0	51573		0.0	50944	5.0		51741	6.0		
04 maj  ons			94581	7.0		91936	8.0		57627	5.0			57493			5.0		88709	7.0	89011	7.0	42656	6.0	51573		0.0	50950	6.0		51747	6.0		
05 maj  tor			94588	7.0		91943	7.0		57631	4.0			57497			4.0		88716	7.0	89018	7.0	42663	7.0	51573		0.0	50957	7.0		51753	6.0		
06 maj  fre			94596	8.0		91950	7.0		57635	4.0			57501			4.0		88723	7.0	89026	8.0	42669	6.0	51573		0.0	50963	6.0		51759	6.0		
07 maj  lør			94603	7.0		91957	7.0		57638	3.0			57503			2.0		88730	7.0	89032	6.0	42676	7.0	51573		0.0	50970	7.0		51766	7.0		
08 maj  søn			94610	7.0		91965	8.0		57640	2.0			57506			3.0		88736	6.0	89039	7.0	42682	6.0	51573		0.0	50976	6.0		51772	6.0		
09 maj  man			94620	10.0		91974	9.0		57645	5.0			57510			4.0		88746	10.0	89048	9.0	42687	5.0	51573		0.0	50981	5.0		51777	5.0		
10 maj  tir			94632	12.0		91987	13.0		57654	9.0			57519			9.0		88757	11.0	89059	11.0	42690	3.0	51573		0.0	50984	3.0		51781	4.0		
11 maj  ons			94640	8.0		91995	8.0		57661	7.0			57527			8.0		88765	8.0	89067	8.0	42695	5.0	51573		0.0	50989	5.0		51786	5.0		
12 maj  tor			94648	8.0		92003	8.0		57668	7.0			57533			6.0		88773	8.0	89076	9.0	42704	9.0	51573		0.0	50994	5.0		51792	6.0		
13 maj  fre			94656	8.0		92011	8.0		57673	5.0			57539			6.0		88781	8.0	89083	7.0	42716	12.0	51573		0.0	51000	6.0		51798	6.0		
14 maj  lør			94663	7.0		92019	8.0		57677	4.0			57543			4.0		88788	7.0	89091	8.0	42728	12.0	51573		0.0	51007	7.0		51803	5.0		
15 maj  søn			94671	8.0		92027	8.0		57680	3.0			57546			3.0		88796	8.0	89098	7.0	42740	12.0	51573		0.0	51012	5.0		51810	7.0		
16 maj  man			94680	9.0		92036	9.0		57683	3.0			57549			3.0		88803	7.0	89106	8.0	42750	10.0	51573		0.0	51018	6.0		51815	5.0		
17 maj  tir			94689	9.0		92045	9.0		57686	3.0			57552			3.0		88812	9.0	89113	7.0	42761	11.0	51573		0.0	51023	5.0		51821	6.0		
18 maj  ons			94698	9.0		92053	8.0		57693	7.0			57559			7.0		88821	9.0	89122	9.0	42771	10.0	51573		0.0	51028	5.0		51826	5.0		
19 maj  tor			94707	9.0		92063	10.0		57702	9.0			57568			9.0		88830	9.0	89131	9.0	42780	9.0	51573		0.0	51032	4.0		51831	5.0		
20 maj  fre			94717	10.0		92073	10.0		57708	6.0			57574			6.0		88840	10.0	89141	10.0	42790	10.0	51573		0.0	51037	5.0		51836	5.0		
21 maj  lør			94727	10.0		92083	10.0		57714	6.0			57579			5.0		88850	10.0	89151	10.0	42799	9.0	51573		0.0	51041	4.0		51841	5.0		
22 maj  søn			94735	8.0		92090	7.0		57717	3.0			57582			3.0		88857	7.0	89157	6.0	42813	14.0	51573		0.0	51048	7.0		51847	6.0		
23 maj  man			94742	7.0		92097	7.0		57723	6.0			57587			5.0		88864	7.0	89164	7.0	42825	12.0	51573		0.0	51054	6.0		51853	6.0		
24 maj  tir			94749	7.0		92105	8.0		57730	7.0			57594			7.0		88872	8.0	89172	8.0	42836	11.0	51573		0.0	51059	5.0		51859	6.0		
25 maj  ons			94758	9.0		92113	8.0		57735	5.0			57599			5.0		88880	8.0	89180	8.0	42847	11.0	51573		0.0	51065	6.0		51864	5.0		
26 maj  tor			94766	8.0		92122	9.0		57739	4.0			57604			5.0		88888	8.0	89188	8.0	42858	11.0	51573		0.0	51070	5.0		51870	6.0		
27 maj  fre			94774	8.0		92129	7.0		57744	5.0			57609			5.0		88896	8.0	89195	7.0	42870	12.0	51573		0.0	51076	6.0		51877	7.0		
28 maj  lør			94781	7.0		92137	8.0		57747	3.0			57612			3.0		88903	7.0	89202	7.0	42882	12.0	51573		0.0	51081	5.0		51883	6.0		
29 maj  søn			94790	9.0		92145	8.0		57749	2.0			57615			3.0		88910	7.0	89209	7.0	42894	12.0	51573		0.0	51087	6.0		51889	6.0		
30 maj  man			94798	8.0		92154	9.0		57755	6.0			57620			5.0		88918	8.0	89217	8.0	42904	10.0	51573		0.0	51093	6.0		51894	5.0		
31 maj  tir			94807	9.0		92163	9.0		57763	8.0			57628			8.0		88927	9.0	89226	9.0	42914	10.0	51573		0.0	51098	5.0		51899	5.0		
01 jun  ons			94815	8.0		92171	8.0		57772	9.0			57636			8.0		88935	8.0	89234	8.0	42924	10.0	51573		0.0	51103	5.0		51903	4.0		
02 jun  tor			94824	9.0		92180	9.0		57779	7.0			57644			8.0		88944	9.0	89243	9.0	42934	10.0	51573		0.0	51108	5.0		51908	5.0		
03 jun  fre			94832	8.0		92188	8.0		57786	7.0			57651			7.0		88952	8.0	89251	8.0	42944	10.0	51573		0.0	51113	5.0		51914	6.0		
04 jun  lør			94840	8.0		92195	7.0		57791	5.0			57656			5.0		88960	8.0	89259	8.0	42956	12.0	51573		0.0	51119	6.0		51919	5.0		
05 jun  søn			94847	7.0		92203	8.0		57794	3.0			57659			3.0		88967	7.0	89266	7.0	42969	13.0	51573		0.0	51124	5.0		51927	8.0		
06 jun  man			94855	8.0		92211	8.0		57799	5.0			57664			5.0		88974	7.0	89274	8.0	42979	10.0	51573		0.0	51129	5.0		51932	5.0		
07 jun  tir			94864	9.0		92220	9.0		57807	8.0			57672			8.0		88983	9.0	89282	8.0	42987	8.0	51573		0.0	51133	4.0		51936	4.0		
08 jun  ons			94873	9.0		92229	9.0		57815	8.0			57679			7.0		88992	9.0	89291	9.0	42995	8.0	51573		0.0	51137	4.0		51940	4.0		
09 jun  tor			94882	9.0		92238	9.0		57824	9.0			57688			9.0		89001	9.0	89300	9.0	43001	6.0	51573		0.0	51140	3.0		51943	3.0		
10 jun  fre			94891	9.0		92247	9.0		57833	9.0			57697			9.0		89010	9.0	89309	9.0	43005	4.0	51573		0.0	51142	2.0		51945	2.0		
11 jun  lør			94899	8.0		92254	7.0		57840	7.0			57704			7.0		89018	8.0	89317	8.0	43013	8.0	51573		0.0	51146	4.0		51948	3.0		
12 jun  søn			94907	8.0		92262	8.0		57843	3.0			57707			3.0		89025	7.0	89324	7.0	43024	11.0	51573		0.0	51152	6.0		51954	6.0		
13 jun  man			94915	8.0		92270	8.0		57849	6.0			57712			5.0		89033	8.0	89332	8.0	43034	10.0	51573		0.0	51157	5.0		51959	5.0		
14 jun  tir			94924	9.0		92279	9.0		57855	6.0			57718			6.0		89042	9.0	89340	8.0	43043	9.0	51573		0.0	51161	4.0		51964	5.0		
15 jun  ons			94934	10.0		92289	10.0		57865	10.0			57728			10.0		89052	10.0	89351	11.0	43046	3.0	51575		2.0	51164	3.0		51967	3.0		
16 jun  tor			94942	8.0		92297	8.0		57873	8.0			57736			8.0		89060	8.0	89359	8.0	43049	3.0	51577		2.0	51166	2.0		51969	2.0		
17 jun  fre			94951	9.0		92306	9.0		57881	8.0			57745			9.0		89069	9.0	89367	8.0	43052	3.0	51581		4.0	51169	3.0		51972	3.0		
18 jun  lør			94958	7.0		92313	7.0		57887	6.0			57751			6.0		89075	6.0	89374	7.0	43057	5.0	51586		5.0	51174	5.0		51978	6.0		
19 jun  søn			94965	7.0		92320	7.0		57891	4.0			57754			3.0		89083	8.0	89380	6.0	43062	5.0	51592		6.0	51180	6.0		51983	5.0		
20 jun  man			94975	10.0		92330	10.0		57898	7.0			57761			7.0		89092	9.0	89390	10.0	43067	5.0	51596		4.0	51184	4.0		51988	5.0		
21 jun  tir			94982	7.0		92337	7.0		57905	7.0			57768			7.0		89099	7.0	89397	7.0	43071	4.0	51599		3.0	51188	4.0		51991	3.0		
22 jun  ons			94991	9.0		92345	8.0		57914	9.0			57776			8.0		89108	9.0	89406	9.0	43074	3.0	51602		3.0	51191	3.0		51994	3.0		
23 jun  tor			94999	8.0		92354	9.0		57923	9.0			57785			9.0		89117	9.0	89414	8.0	43076	2.0	51605		3.0	51194	3.0		51996	2.0		
24 jun  fre			95008	9.0		92362	8.0		57931	8.0			57793			8.0		89125	8.0	89423	9.0	43079	3.0	51608		3.0	51197	3.0		51999	3.0		
25 jun  lør			95017	9.0		92372	10.0		57940	9.0			57802			9.0		89135	10.0	89432	9.0	43083	4.0	51611		3.0	51200	3.0		52003	4.0		
26 jun  søn			95024	7.0		92379	7.0		57947	7.0			57809			7.0		89142	7.0	89439	7.0	43088	5.0	51616		5.0	51205	5.0		52008	5.0		
27 jun  man			95032	8.0		92387	8.0		57955	8.0			57816			7.0		89150	8.0	89447	8.0	43093	5.0	51621		5.0	51210	5.0		52013	5.0		
28 jun  tir			95040	8.0		92394	7.0		57962	7.0			57823			7.0		89157	7.0	89454	7.0	43096	3.0	51624		3.0	51213	3.0		52016	3.0		
29 jun  ons			95049	9.0		92404	10.0		57972	10.0			57833			10.0		89167	10.0	89464	10.0	43099	3.0	51626		2.0	51216	3.0		52018	2.0		
30 jun  tor			95059	10.0		92413	9.0		57981	9.0			57842			9.0		89176	9.0	89473	9.0	43101	2.0	51629		3.0	51218	2.0		52021	3.0		
01 jul  fre			95067	8.0		92421	8.0		57989	8.0			57850			8.0		89184	8.0	89481	8.0	43104	3.0	51632		3.0	51221	3.0		52024	3.0		
02 jul  lør			95072	5.0		92427	6.0		57995	6.0			57856			6.0		89190	6.0	89487	6.0	43109	5.0	51637		5.0	51226	5.0		52029	5.0		
03 jul  søn			95079	7.0		92433	6.0		58001	6.0			57862			6.0		89196	6.0	89493	6.0	43115	6.0	51643		6.0	51232	6.0		52035	6.0		
04 jul  man			95085	6.0		92440	7.0		58007	6.0			57868			6.0		89203	7.0	89500	7.0	43121	6.0	51648		5.0	51238	6.0		52040	5.0		
05 jul  tir			95093	8.0		92448	8.0		58015	8.0			57875			7.0		89210	7.0	89508	8.0	43124	3.0	51651		3.0	51241	3.0		52043	3.0		
06 jul  ons			95101	8.0		92455	7.0		58022	7.0			57883			8.0		89218	8.0	89515	7.0	43128	4.0	51655		4.0	51245	4.0		52047	4.0		
07 jul  tor			95108	7.0		92463	8.0		58030	8.0			57890			7.0		89225	7.0	89523	8.0	43132	4.0	51659		4.0	51249	4.0		52051	4.0		
08 jul  fre			95117	9.0		92472	9.0		58039	9.0			57900			10.0		89235	10.0	89532	9.0	43135	3.0	51662		3.0	51252	3.0		52054	3.0		
09 jul  lør			95123	6.0		92478	6.0		58045	6.0			57906			6.0		89240	5.0	89538	6.0	43140	5.0	51667		5.0	51257	5.0		52059	5.0		
10 jul  søn			95130	7.0		92485	7.0		58051	6.0			57912			6.0		89247	7.0	89545	7.0	43145	5.0	51672		5.0	51263	6.0		52064	5.0		
11 jul  man			95137	7.0		92492	7.0		58058	7.0			57918			6.0		89254	7.0	89552	7.0	43151	6.0	51677		5.0	51268	5.0		52069	5.0		
12 jul  tir			95144	7.0		92499	7.0		58065	7.0			57925			7.0		89261	7.0	89559	7.0	43155	4.0	51681		4.0	51272	4.0		52073	4.0		
13 jul  ons			95151	7.0		92506	7.0		58072	7.0			57933			8.0		89269	8.0	89566	7.0	43159	4.0	51685		4.0	51276	4.0		52077	4.0		
14 jul  tor			95160	9.0		92515	9.0		58081	9.0			57942			9.0		89277	8.0	89575	9.0	43162	3.0	51688		3.0	51279	3.0		52080	3.0		
15 jul  fre			95167	7.0		92522	7.0		58088	7.0			57948			6.0		89284	7.0	89583	8.0	43167	5.0	51693		5.0	51284	5.0		52085	5.0		
16 jul  lør			95174	7.0		92530	8.0		58091	3.0			57952			4.0		89291	7.0	89589	6.0	43173	6.0	51699		6.0	51291	7.0		52091	6.0		
17 jul  søn			95181	7.0		92535	5.0		58093	2.0			57953			1.0		89297	6.0	89594	5.0	43181	8.0	51706		7.0	51298	7.0		52098	7.0		
18 jul  man			95189	8.0		92543	8.0		58097	4.0			57957			4.0		89303	6.0	89600	6.0	43187	6.0	51712		6.0	51304	6.0		52104	6.0		
19 jul  tir			95195	6.0		92550	7.0		58103	6.0			57962			5.0		89311	8.0	89608	8.0	43192	5.0	51717		5.0	51309	5.0		52109	5.0		
20 jul  ons			95203	8.0		92557	7.0		58109	6.0			57969			7.0		89318	7.0	89615	7.0	43198	6.0	51723		6.0	51315	6.0		52115	6.0		
21 jul  tor			95210	7.0		92564	7.0		58116	7.0			57975			6.0		89325	7.0	89622	7.0	43203	5.0	51728		5.0	51321	6.0		52120	5.0		
22 jul  fre			95218	8.0		92572	8.0		58123	7.0			57983			8.0		89333	8.0	89630	8.0	43209	5.0	51733		5.0	51326	5.0		52125	5.0		
23 jul  lør			95225	7.0		92579	7.0		58128	5.0			57987			4.0		89340	7.0	89637	7.0	43216	7.0	51739		6.0	51333	7.0		52131	6.0		
24 jul  søn			95233	8.0		92587	8.0		58131	3.0			57989			2.0		89347	7.0	89643	6.0	43222	6.0	51747		8.0	51339	6.0		52138	7.0		
25 jul  man			95241	8.0		92596	9.0		58134	3.0			57992			3.0		89354	7.0	89651	8.0	43227	5.0	51754		7.0	51344	5.0		52146	8.0		
26 jul  tir			95248	7.0		92603	7.0		58137	3.0			57996			4.0		89361	7.0	89657	6.0	43234	7.0	51761		7.0	51351	7.0		52153	7.0		
27 jul  ons			95256	8.0		92611	8.0		58143	6.0			58001			5.0		89369	8.0	89665	8.0	43240	6.0	51767		6.0	51358	7.0		52159	6.0		
28 jul  tor			95263	7.0		92618	7.0		58147	4.0			58005			4.0		89376	7.0	89672	7.0	43247	7.0	51774		7.0	51365	7.0		52166	7.0		
29 jul  fre			95273	10.0		92627	9.0		58151	4.0			58009			4.0		89385	9.0	89680	8.0	43253	6.0	51779		5.0	51370	5.0		52171	5.0		
30 jul  lør			95279	6.0		92633	6.0		58153	2.0			58011			2.0		89390	5.0	89685	5.0	43260	7.0	51786		7.0	51377	7.0		52178	7.0		
31 jul  søn			95287	8.0		92639	6.0		58155	2.0			58012			1.0		89398	8.0	89690	5.0	43266	6.0	51793		7.0	51384	7.0		52185	7.0		
01 aug  man			95297	10.0		92649	10.0		58158	3.0			58015			3.0		89407	9.0	89698	8.0	43270	4.0	51798		5.0	51388	4.0		52190	5.0		
02 aug  tir			95305	8.0		92656	7.0		58161	3.0			58018			3.0		89415	8.0	89705	7.0	43276	6.0	51804		6.0	51393	5.0		52196	6.0		
03 aug  ons			95315	10.0		92666	10.0		58166	5.0			58024			6.0		89424	9.0	89713	8.0	43281	5.0	51811		7.0	51398	5.0		52203	7.0		
04 aug  tor			95322	7.0		92672	6.0		58169	3.0			58027			3.0		89430	6.0	89719	6.0	43286	5.0	51818		7.0	51404	6.0		52210	7.0		
05 aug  fre			95330	8.0		92680	8.0		58172	3.0			58030			3.0		89438	8.0	89726	7.0	43292	6.0	51825		7.0	51409	5.0		52216	6.0		
06 aug  lør			95339	9.0		92688	8.0		58174	2.0			58032			2.0		89445	7.0	89733	7.0	43298	6.0	51831		6.0	51415	6.0		52223	7.0		
07 aug  søn			95345	6.0		92695	7.0		58176	2.0			58034			2.0		89451	6.0	89739	6.0	43305	7.0	51838		7.0	51422	7.0		52229	6.0		
08 aug  man			95354	9.0		92702	7.0		58178	2.0			58036			2.0		89459	8.0	89745	6.0	43311	6.0	51843		5.0	51428	6.0		52235	6.0		
09 aug  tir			95362	8.0		92709	7.0		58180	2.0			58038			2.0		89466	7.0	89752	7.0	43316	5.0	51850		7.0	51433	5.0		52241	6.0		
10 aug  ons			95372	10.0		92717	8.0		58183	3.0			58042			4.0		89475	9.0	89759	7.0	43321	5.0	51855		5.0	51438	5.0		52246	5.0		
11 aug  tor			95380	8.0		92726	9.0		58185	2.0			58043			1.0		89483	8.0	89767	8.0	43326	5.0	51859		4.0	51442	4.0		52250	4.0		
12 aug  fre			95389	9.0		92735	9.0		58187	2.0			58046			3.0		89491	8.0	89774	7.0	43331	5.0	51865		6.0	51448	6.0		52256	6.0		
13 aug  lør			95396	7.0		92742	7.0		58190	3.0			58048			2.0		89497	6.0	89780	6.0	43338	7.0	51871		6.0	51455	7.0		52262	6.0		
14 aug  søn			95403	7.0		92751	9.0		58192	2.0			58050			2.0		89504	7.0	89787	7.0	43344	6.0	51877		6.0	51460	5.0		52269	7.0		
15 aug  man			95410	7.0		92758	7.0		58194	2.0			58052			2.0		89510	6.0	89794	7.0	43350	6.0	51884		7.0	51467	7.0		52275	6.0		
16 aug  tir			95419	9.0		92766	8.0		58198	4.0			58055			3.0		89518	8.0	89800	6.0	43356	6.0	51889		5.0	51472	5.0		52281	6.0		
17 aug  ons			95428	9.0		92775	9.0		58202	4.0			58060			5.0		89526	8.0	89809	9.0	43361	5.0	51895		6.0	51478	6.0		52286	5.0		
18 aug  tor			95437	9.0		92784	9.0		58207	5.0			58066			6.0		89535	9.0	89818	9.0	43366	5.0	51900		5.0	51483	5.0		52291	5.0		
19 aug  fre			95446	9.0		92794	10.0		58210	3.0			58068			2.0		89543	8.0	89825	7.0	43371	5.0	51905		5.0	51488	5.0		52297	6.0		
20 aug  lør			95455	9.0		92802	8.0		58212	2.0			58071			3.0		89551	8.0	89833	8.0	43377	6.0	51911		6.0	51493	5.0		52302	5.0		
21 aug  søn			95463	8.0		92809	7.0		58213	1.0			58073			2.0		89558	7.0	89839	6.0	43382	5.0	51917		6.0	51499	6.0		52308	6.0		
22 aug  man			95473	10.0		92819	10.0		58216	3.0			58075			2.0		89568	10.0	89848	9.0	43385	3.0	51921		4.0	51502	3.0		52313	5.0		
23 aug  tir			95479	6.0		92826	7.0		58219	3.0			58077			2.0		89573	5.0	89854	6.0	43392	7.0	51928		7.0	51508	6.0		52319	6.0		
24 aug  ons			95489	10.0		92835	9.0		58224	5.0			58083			6.0		89582	9.0	89863	9.0	43397	5.0	51933		5.0	51513	5.0		52324	5.0		
25 aug  tor			95499	10.0		92845	10.0		58227	3.0			58086			3.0		89592	10.0	89870	7.0	43401	4.0	51938		5.0	51518	5.0		52329	5.0		
26 aug  fre			95508	9.0		92854	9.0		58231	4.0			58089			3.0		89600	8.0	89878	8.0	43407	6.0	51943		5.0	51524	6.0		52335	6.0		
27 aug  lør			95518	10.0		92864	10.0		58233	2.0			58092			3.0		89609	9.0	89886	8.0	43411	4.0	51949		6.0	51528	4.0		52341	6.0		
28 aug  søn			95525	7.0		92871	7.0		58235	2.0			58094			2.0		89615	6.0	89892	6.0	43417	6.0	51957		8.0	51534	6.0		52348	7.0		
29 aug  man			95532	7.0		92878	7.0		58238	3.0			58096			2.0		89622	7.0	89898	6.0	43423	6.0	51963		6.0	51540	6.0		52355	7.0		
30 aug  tir			95540	8.0		92887	9.0		58241	3.0			58099			3.0		89629	7.0	89905	7.0	43429	6.0	51969		6.0	51546	6.0		52361	6.0		
31 aug  ons			95549	9.0		92897	10.0		58246	5.0			58103			4.0		89636	7.0	89915	10.0	43435	6.0	51974		5.0	51552	6.0		52365	4.0		
01 sep  tor			95560	11.0		92907	10.0		58249	3.0			58107			4.0		89646	10.0	89923	8.0	43439	4.0	51979		5.0	51556	4.0		52370	5.0		
02 sep  fre			95569	9.0		92917	10.0		58252	3.0			58109			2.0		89654	8.0	89932	9.0	43443	4.0	51983		4.0	51560	4.0		52375	5.0		
03 sep  lør			95578	9.0		92925	8.0		58254	2.0			58112			3.0		89662	8.0	89940	8.0	43448	5.0	51988		5.0	51565	5.0		52379	4.0		
04 sep  søn			95584	6.0		92932	7.0		58256	2.0			58114			2.0		89668	6.0	89946	6.0	43455	7.0	51995		7.0	51572	7.0		52387	8.0		
05 sep  man			95591	7.0		92939	7.0		58259	3.0			58116			2.0		89675	7.0	89953	7.0	43461	6.0	52001		6.0	51578	6.0		52392	5.0		
06 sep  tir			95600	9.0		92948	9.0		58261	2.0			58118			2.0		89683	8.0	89961	8.0	43466	5.0	52005		4.0	51583	5.0		52397	5.0		
07 sep  ons			95609	9.0		92957	9.0		58263	2.0			58121			3.0		89690	7.0	89969	8.0	43470	4.0	52010		5.0	51587	4.0		52401	4.0		
08 sep  tor			95618	9.0		92966	9.0		58266	3.0			58124			3.0		89699	8.0	89977	8.0	43474	4.0	52015		5.0	51591	4.0		52406	5.0		
09 sep  fre			95628	10.0		92976	10.0		58270	4.0			58127			3.0		89707	8.0	89985	8.0	43479	5.0	52020		5.0	51596	5.0		52411	5.0		
10 sep  lør			95637	9.0		92985	9.0		58273	3.0			58130			3.0		89715	8.0	89992	7.0	43484	5.0	52025		5.0	51601	5.0		52416	5.0		
11 sep  søn			95645	8.0		92993	8.0		58275	2.0			58132			2.0		89723	8.0	90000	7.0	43489	5.0	52031		6.0	51606	5.0		52422	6.0		
12 sep  man			95654	9.0		93002	9.0		58277	2.0			58134			2.0		89731	8.0	90008	8.0	43494	5.0	52036		5.0	51610	4.0		52427	5.0		
13 sep  tir			95664	10.0		93012	10.0		58281	4.0			58138			4.0		89740	9.0	90016	8.0	43498	4.0	52041		5.0	51615	5.0		52432	5.0		
14 sep  ons			95674	10.0		93022	10.0		58286	5.0			58143			5.0		89750	10.0	90025	9.0	43502	4.0	52045		4.0	51619	4.0		52437	5.0		
15 sep  tor			95685	11.0		93033	11.0		58290	4.0			58147			4.0		89759	9.0	90034	9.0	43506	4.0	52050		5.0	51623	4.0		52441	4.0		
16 sep  fre			95697	12.0		93045	12.0		58296	6.0			58154			7.0		89770	11.0	90045	11.0	43511	5.0	52054		4.0	51628	5.0		52445	4.0		
17 sep  lør			95706	9.0		93053	8.0		58299	3.0			58156			2.0		89778	8.0	90053	8.0	43515	4.0	52058		4.0	51632	4.0		52450	5.0		
18 sep  søn			95715	9.0		93061	8.0		58301	2.0			58158			2.0		89786	8.0	90060	7.0	43520	5.0	52063		5.0	51636	4.0		52454	4.0		
19 sep  man			95725	10.0		93071	10.0		58303	2.0			58160			2.0		89796	9.0	90070	10.0	43522	2.0	52066		3.0	51639	3.0		52457	3.0		
20 sep  tir			95737	12.0		93083	12.0		58305	2.0			58163			3.0		89808	12.0	90082	12.0	43526	4.0	52071		5.0	51643	4.0		52462	5.0		
21 sep  ons			95749	12.0		93094	11.0		58307	2.0			58165			2.0		89820	12.0	90093	11.0	43530	4.0	52075		4.0	51647	4.0		52467	5.0		
22 sep  tor			95760	11.0		93105	11.0		58309	2.0			58167			2.0		89831	11.0	90104	11.0	43535	5.0	52080		5.0	51652	5.0		52471	4.0		
23 sep  fre			95770	10.0		93116	11.0		58312	3.0			58170			3.0		89841	10.0	90115	11.0	43539	4.0	52085		5.0	51656	4.0		52477	6.0		
24 sep  lør			95779	9.0		93125	9.0		58314	2.0			58172			2.0		89851	10.0	90124	9.0	43544	5.0	52092		7.0	51661	5.0		52483	6.0		
25 sep  søn			95787	8.0		93133	8.0		58317	3.0			58174			2.0		89859	8.0	90132	8.0	43550	6.0	52098		6.0	51667	6.0		52489	6.0		
26 sep  man			95797	10.0		93143	10.0		58319	2.0			58176			2.0		89868	9.0	90142	10.0	43555	5.0	52104		6.0	51672	5.0		52496	7.0		
27 sep  tir			95806	9.0		93152	9.0		58322	3.0			58180			4.0		89878	10.0	90151	9.0	43560	5.0	52110		6.0	51677	5.0		52501	5.0		
28 sep  ons			95817	11.0		93162	10.0		58327	5.0			58186			6.0		89888	10.0	90161	10.0	43564	4.0	52114		4.0	51681	4.0		52505	4.0		
29 sep  tor			95827	10.0		93173	11.0		58331	4.0			58189			3.0		89899	11.0	90172	11.0	43569	5.0	52119		5.0	51686	5.0		52510	5.0		
30 sep  fre			95837	10.0		93183	10.0		58334	3.0			58192			3.0		89908	9.0	90182	10.0	43574	5.0	52125		6.0	51691	5.0		52516	6.0		
01 okt  lør			95847	10.0		93193	10.0		58336	2.0			58194			2.0		89918	10.0	90192	10.0	43579	5.0	52130		5.0	51696	5.0		52522	6.0		
02 okt  søn			95855	8.0		93201	8.0		58338	2.0			58197			3.0		89927	9.0	90200	8.0	43585	6.0	52137		7.0	51702	6.0		52528	6.0		
03 okt  man			95862	7.0		93208	7.0		58340	2.0			58199			2.0		89934	7.0	90207	7.0	43592	7.0	52144		7.0	51709	7.0		52535	7.0		
04 okt  tir			95870	8.0		93216	8.0		58343	3.0			58201			2.0		89942	8.0	90215	8.0	43597	5.0	52151		7.0	51714	5.0		52542	7.0		
05 okt  ons			95880	10.0		93225	9.0		58346	3.0			58204			3.0		89951	9.0	90224	9.0	43602	5.0	52156		5.0	51719	5.0		52548	6.0		
06 okt  tor			95889	9.0		93235	10.0		58350	4.0			58208			4.0		89961	10.0	90234	10.0	43607	5.0	52161		5.0	51724	5.0		52552	4.0		
07 okt  fre			95899	10.0		93245	10.0		58354	4.0			58212			4.0		89971	10.0	90244	10.0	43612	5.0	52166		5.0	51729	5.0		52557	5.0		
08 okt  lør			95908	9.0		93254	9.0		58356	2.0			58215			3.0		89980	9.0	90253	9.0	43617	5.0	52172		6.0	51734	5.0		52563	6.0		
09 okt  søn			95917	9.0		93262	8.0		58358	2.0			58217			2.0		89988	8.0	90261	8.0	43624	7.0	52178		6.0	51741	7.0		52569	6.0		
10 okt  man			95926	9.0		93271	9.0		58361	3.0			58220			3.0		89997	9.0	90270	9.0	43629	5.0	52184		6.0	51746	5.0		52575	6.0		
11 okt  tir			95934	8.0		93280	9.0		58364	3.0			58222			2.0		90005	8.0	90278	8.0	43635	6.0	52190		6.0	51752	6.0		52581	6.0		
12 okt  ons			95944	10.0		93289	9.0		58366	2.0			58225			3.0		90015	10.0	90288	10.0	43640	5.0	52195		5.0	51757	5.0		52587	6.0		
13 okt  tor			95953	9.0		93298	9.0		58369	3.0			58228			3.0		90024	9.0	90297	9.0	43645	5.0	52200		5.0	51762	5.0		52592	5.0		
14 okt  fre			95963	10.0		93308	10.0		58371	2.0			58231			3.0		90034	10.0	90307	10.0	43651	6.0	52206		6.0	51768	6.0		52597	5.0		
15 okt  lør			95973	10.0		93318	10.0		58374	3.0			58233			2.0		90044	10.0	90317	10.0	43655	4.0	52211		5.0	51772	4.0		52602	5.0		
16 okt  søn			95980	7.0		93325	7.0		58376	2.0			58235			2.0		90051	7.0	90324	7.0	43662	7.0	52218		7.0	51779	7.0		52609	7.0		
17 okt  man			95988	8.0		93334	9.0		58378	2.0			58238			3.0		90060	9.0	90333	9.0	43668	6.0	52224		6.0	51785	6.0		52615	6.0		
18 okt  tir			95999	11.0		93344	10.0		58381	3.0			58240			2.0		90070	10.0	90343	10.0	43673	5.0	52229		5.0	51790	5.0		52621	6.0		
19 okt  ons			96007	8.0		93352	8.0		58383	2.0			58243			3.0		90078	8.0	90351	8.0	43679	6.0	52236		7.0	51796	6.0		52627	6.0		
20 okt  tor			96015	8.0		93360	8.0		58386	3.0			58245			2.0		90086	8.0	90359	8.0	43685	6.0	52242		6.0	51802	6.0		52634	7.0		
21 okt  fre			96024	9.0		93369	9.0		58388	2.0			58248			3.0		90095	9.0	90368	9.0	43691	6.0	52248		6.0	51808	6.0		52639	5.0		
22 okt  lør			96030	6.0		93376	7.0		58391	3.0			58250			2.0		90102	7.0	90375	7.0	43697	6.0	52255		7.0	51814	6.0		52646	7.0		
23 okt  søn			96038	8.0		93383	7.0		58393	2.0			58252			2.0		90109	7.0	90382	7.0	43704	7.0	52261		6.0	51821	7.0		52653	7.0		
24 okt  man			96045	7.0		93391	8.0		58396	3.0			58255			3.0		90117	8.0	90390	8.0	43709	5.0	52268		7.0	51826	5.0		52659	6.0		
25 okt  tir			96053	8.0		93398	7.0		58399	3.0			58258			3.0		90124	7.0	90397	7.0	43715	6.0	52274		6.0	51832	6.0		52666	7.0		
26 okt  ons			96063	10.0		93409	11.0		58402	3.0			58261			3.0		90135	11.0	90407	10.0	43720	5.0	52279		5.0	51837	5.0		52670	4.0		
27 okt  tor			96071	8.0		93416	7.0		58404	2.0			58263			2.0		90143	8.0	90415	8.0	43725	5.0	52286		7.0	51842	5.0		52677	7.0		
28 okt  fre			96081	10.0		93426	10.0		58406	2.0			58266			3.0		90153	10.0	90425	10.0	43730	5.0	52291		5.0	51847	5.0		52682	5.0		
29 okt  lør			96091	10.0		93436	10.0		58409	3.0			58268			2.0		90163	10.0	90435	10.0	43735	5.0	52296		5.0	51852	5.0		52688	6.0		
30 okt  søn			96101	10.0		93446	10.0		58412	3.0			58271			3.0		90172	9.0	90445	10.0	43740	5.0	52302		6.0	51857	5.0		52693	5.0		
31 okt  man			96111	10.0		93456	10.0		58415	3.0			58274			3.0		90182	10.0	90454	9.0	43745	5.0	52307		5.0	51861	4.0		52699	6.0		
01 nov  tir			96121	10.0		93466	10.0		58417	2.0			58276			2.0		90192	10.0	90465	11.0	43749	4.0	52313		6.0	51866	5.0		52704	5.0		
02 nov  ons			96131	10.0		93476	10.0		58420	3.0			58279			3.0		90203	11.0	90475	10.0	43754	5.0	52318		5.0	51871	5.0		52709	5.0		
03 nov  tor			96142	11.0		93487	11.0		58422	2.0			58282			3.0		90214	11.0	90486	11.0	43758	4.0	52322		4.0	51875	4.0		52713	4.0		
04 nov  fre			96151	9.0		93496	9.0		58425	3.0			58284			2.0		90222	8.0	90494	8.0	43764	6.0	52328		6.0	51881	6.0		52720	7.0		
05 nov  lør			96159	8.0		93504	8.0		58427	2.0			58286			2.0		90231	9.0	90503	9.0	43770	6.0	52335		7.0	51887	6.0		52726	6.0		
06 nov  søn			96166	7.0		93511	7.0		58429	2.0			58289			3.0		90237	6.0	90509	6.0	43777	7.0	52342		7.0	51894	7.0		52733	7.0		
07 nov  man			96175	9.0		93520	9.0		58432	3.0			58291			2.0		90246	9.0	90518	9.0	43782	5.0	52347		5.0	51899	5.0		52739	6.0		
08 nov  tir			96185	10.0		93530	10.0		58434	2.0			58294			3.0		90256	10.0	90529	11.0	43787	5.0	52352		5.0	51904	5.0		52744	5.0		
09 nov  ons			96196	11.0		93541	11.0		58437	3.0			58296			2.0		90268	12.0	90540	11.0	43791	4.0	52357		5.0	51908	4.0		52749	5.0		
10 nov  tor			96207	11.0		93551	10.0		58439	2.0			58299			3.0		90278	10.0	90550	10.0	43795	4.0	52363		6.0	51912	4.0		52754	5.0		
11 nov  fre			96216	9.0		93561	10.0		58442	3.0			58302			3.0		90287	9.0	90560	10.0	43800	5.0	52368		5.0	51917	5.0		52760	6.0		
12 nov  lør			96224	8.0		93569	8.0		58445	3.0			58305			3.0		90296	9.0	90568	8.0	43805	5.0	52374		6.0	51922	5.0		52765	5.0		
13 nov  søn			96233	9.0		93578	9.0		58448	3.0			58308			3.0		90305	9.0	90577	9.0	43810	5.0	52379		5.0	51927	5.0		52771	6.0		
14 nov  man			96244	11.0		93588	10.0		58451	3.0			58310			2.0		90315	10.0	90587	10.0	43815	5.0	52384		5.0	51932	5.0		52775	4.0		
15 nov  tir			96251	7.0		93595	7.0		58455	4.0			58314			4.0		90322	7.0	90594	7.0	43820	5.0	52389		5.0	51937	5.0		52781	6.0		
16 nov  ons			96260	9.0		93605	10.0		58459	4.0			58318			4.0		90332	10.0	90604	10.0	43824	4.0	52392		3.0	51940	3.0		52784	3.0		
17 nov  tor			96270	10.0		93614	9.0		58464	5.0			58324			6.0		90341	9.0	90613	9.0	43827	3.0	52395		3.0	51944	4.0		52786	2.0		
18 nov  fre			96276	6.0		93620	6.0		58470	6.0			58329			5.0		90347	6.0	90619	6.0	43830	3.0	52399		4.0	51947	3.0		52790	4.0		
19 nov  lør			96281	5.0		93625	5.0		58473	3.0			58333			4.0		90352	5.0	90624	5.0	43836	6.0	52405		6.0	51952	5.0		52796	6.0		
20 nov  søn			96286	5.0		93631	6.0		58477	4.0			58336			3.0		90358	6.0	90629	5.0	43841	5.0	52411		6.0	51958	6.0		52802	6.0		
21 nov  man			96293	7.0		93637	6.0		58481	4.0			58341			5.0		90365	7.0	90636	7.0	43846	5.0	52414		3.0	51962	4.0		52806	4.0		
22 nov  tir			96301	8.0		93645	8.0		58488	7.0			58347			6.0		90372	7.0	90644	8.0	43848	2.0	52417		3.0	51965	3.0		52824	18.0		
23 nov  ons			96308	7.0		93652	7.0		58494	6.0			58354			7.0		90380	8.0	90651	7.0	43850	2.0	52421		3.0	51967	2.0		52827	3.0		
24 nov  tor			96316	8.0		93660	8.0		58500	6.0			58359			5.0		90388	8.0	90659	8.0	43854	4.0	52424		3.0	51970	3.0		52830	3.0		
25 nov  fre			96324	8.0		93668	8.0		58505	5.0			58365			6.0		90396	8.0	90667	8.0	43857	3.0	52428		4.0	51973	3.0		52834	4.0		
26 nov  lør			96332	8.0		93676	8.0		58509	4.0			58369			4.0		90404	8.0	90675	8.0	43862	5.0	52432		4.0	51978	5.0		52839	5.0		
27 nov  søn			96340	8.0		93683	7.0		58513	4.0			58372			3.0		90411	7.0	90682	7.0	43867	5.0	52439		7.0	51983	5.0		52846	7.0		
28 nov  man			96348	8.0		93692	9.0		58516	3.0			58375			3.0		90420	9.0	90691	9.0	43872	5.0	52444		5.0	51989	6.0		52851	5.0		
29 nov  tir			96356	8.0		93700	8.0		58519	3.0			58378			3.0		90428	8.0	90699	8.0	43876	4.0	52450		6.0	51993	4.0		52856	5.0		
30 nov  ons			96368	12.0		93712	12.0		58522	3.0			58381			3.0		90439	11.0	90710	11.0	43880	4.0	52454		4.0	51997	4.0		52860	4.0		
01 dec  tor			96375	7.0		93719	7.0		58527	5.0			58386			5.0		90446	7.0	90717	7.0	43884	4.0	52459		5.0	52001	4.0		52865	5.0		
02 dec  fre			96383	8.0		93726	7.0		58534	7.0			58393			7.0		90454	8.0	90725	8.0	43888	4.0	52462		3.0	52004	3.0		52868	3.0		
03 dec  lør			96391	8.0		93735	9.0		58538	4.0			58396			3.0		90463	9.0	90734	9.0	43892	4.0	52467		5.0	52009	5.0		52873	5.0		
04 dec  søn			96400	9.0		93743	8.0		58540	2.0			58398			2.0		90471	8.0	90742	8.0	43898	6.0	52473		6.0	52015	6.0		52879	6.0		
05 dec  man			96409	9.0		93752	9.0		58542	2.0			58400			2.0		90480	9.0	90751	9.0	43904	6.0	52479		6.0	52021	6.0		52885	6.0		
06 dec  tir			96419	10.0		93762	10.0		58543	1.0			58402			2.0		90490	10.0	90761	10.0	43910	6.0	52484		5.0	52027	6.0		52891	6.0		
07 dec  ons			96429	10.0		93772	10.0		58545	2.0			58403			1.0		90500	10.0	90771	10.0	43915	5.0	52490		6.0	52031	4.0		52897	6.0		
08 dec  tor			96439	10.0		93782	10.0		58547	2.0			58406			3.0		90510	10.0	90781	10.0	43920	5.0	52496		6.0	52036	5.0		52903	6.0		
09 dec  fre			96451	12.0		93794	12.0		58549	2.0			58408			2.0		90522	12.0	90793	12.0	43924	4.0	52501		5.0	52041	5.0		52907	4.0		
10 dec  lør			96460	9.0		93803	9.0		58552	3.0			58410			2.0		90531	9.0	90802	9.0	43930	6.0	52507		6.0	52046	5.0		52913	6.0		
11 dec  søn			96468	8.0		93811	8.0		58554	2.0			58412			2.0		90539	8.0	90810	8.0	43936	6.0	52514		7.0	52052	6.0		52920	7.0		
12 dec  man			96476	8.0		93819	8.0		58556	2.0			58414			2.0		90547	8.0	90818	8.0	43942	6.0	52520		6.0	52058	6.0		52926	6.0		
13 dec  tir			96486	10.0		93829	10.0		58559	3.0			58417			3.0		90557	10.0	90828	10.0	43946	4.0	52525		5.0	52063	5.0		52931	5.0		
14 dec  ons			96495	9.0		93838	9.0		58562	3.0			58420			3.0		90566	9.0	90837	9.0	43951	5.0	52531		6.0	52067	4.0		52937	6.0		
15 dec  tor			96504	9.0		93847	9.0		58565	3.0			58423			3.0		90575	9.0	90846	9.0	43956	5.0	52535		4.0	52072	5.0		52942	5.0		
16 dec  fre			96513	9.0		93856	9.0		58569	4.0			58426			3.0		90585	10.0	90855	9.0	43961	5.0	52540		5.0	52077	5.0		52947	5.0		
17 dec  lør			96523	9.0		93866	9.0		58572	3.0			58430			4.0		90594	9.0	90865	10.0	43965	4.0	52545		5.0	52082	5.0		52952	5.0		
18 dec  søn			96529	6.0		93872	6.0		58574	2.0			58432			2.0		90600	6.0	90871	6.0	43971	6.0	52552		7.0	52088	6.0		52958	6.0		
19 dec  man			96537	8.0		93880	8.0		58578	4.0			58435			3.0		90608	8.0	90879	8.0	43977	6.0	52558		6.0	52093	5.0		52964	6.0		
20 dec  tir			96545	8.0		93888	8.0		58581	3.0			58438			3.0		90617	9.0	90887	8.0	43982	5.0	52564		6.0	52098	5.0		52970	6.0		
21 dec  ons			96553	8.0		93895	7.0		58582	1.0			58439			1.0		90624	7.0	90894	7.0	43988	6.0	52571		7.0	52105	7.0		52977	7.0		
22 dec  tor			96562	9.0		93905	10.0		58584	2.0			58442			3.0		90633	9.0	90904	10.0	43993	5.0	52577		6.0	52110	5.0		52983	6.0		
23 dec  fre			96569	7.0		93912	7.0		58587	3.0			58444			2.0		90641	7.0	90911	7.0	44001	8.0	52583		6.0	52117	7.0		52989	6.0		
24 dec  lør			96575	6.0		93918	6.0		58589	2.0			58446			2.0		90647	6.0	90917	6.0	44008	7.0	52590		7.0	52124	7.0		52996	7.0		
25 dec  søn			96581	6.0		93924	6.0		58591	2.0			58448			2.0		90652	5.0	90922	5.0	44016	8.0	52598		8.0	52132	8.0		53004	8.0		
26 dec  man			96587	6.0		93930	6.0		58592	1.0			58450			2.0		90658	6.0	90929	7.0	44023	7.0	52605		7.0	52139	7.0		53011	7.0		
27 dec  tir			96593	6.0		93936	6.0		58594	2.0			58451			1.0		90664	6.0	90935	6.0	44031	8.0	52612		7.0	52147	8.0		53018	7.0		
28 dec  ons			96600	7.0		93943	7.0		58596	2.0			58453			2.0		90671	7.0	90941	6.0	44037	6.0	52620		8.0	52154	7.0		53026	8.0		
29 dec  tor			96607	7.0		93949	6.0		58598	2.0			58455			2.0		90678	7.0	90948	7.0	44044	7.0	52627		7.0	52161	7.0		53033	7.0		
30 dec  fre			96614	7.0		93956	7.0		58600	2.0			58457			2.0		90685	7.0	90955	7.0	44051	7.0	52633		6.0	52168	7.0		53039	6.0		
31 dec  lør			96621	7.0		93964	8.0		58602	2.0			58459			2.0		90692	7.0	90962	7.0	44058	7.0	52641		8.0	52174	6.0		53047	7.0		
01 jan  søn			96628	7.0		93971	7.0		58604	2.0			58460			1.0		90699	7.0	90969	7.0	44064	6.0	52648		7.0	52181	7.0		53054	7.0		
02 jan  man			96635	7.0		93978	7.0		58606	2.0			58462			2.0		90706	7.0	90976	7.0	44071	7.0	52655		7.0	52187	6.0		53061	7.0		
03 jan  tir			96644	9.0		93986	8.0		58608	2.0			58464			2.0		90715	9.0	90985	9.0	44077	6.0	52661		6.0	52194	7.0		53067	6.0		
04 jan  ons			96651	7.0		93994	8.0		58610	2.0			58466			2.0		90722	7.0	90993	8.0	44084	7.0	52667		6.0	52200	6.0		53074	7.0		
05 jan  tor			96661	10.0		94004	10.0		58611	1.0			58468			2.0		90732	10.0	91003	10.0	44089	5.0	52673		6.0	52206	6.0		53079	5.0		
06 jan  fre			96670	9.0		94013	9.0		58613	2.0			58470			2.0		90741	9.0	91011	8.0	44095	6.0	52679		6.0	52211	5.0		53085	6.0		
07 jan  lør			96679	9.0		94022	9.0		58615	2.0			58472			2.0		90750	9.0	91021	10.0	44100	5.0	52685		6.0	52217	6.0		53092	7.0		
08 jan  søn			96687	8.0		94029	7.0		58617	2.0			58474			2.0		90758	8.0	91028	7.0	44107	7.0	52692		7.0	52223	6.0		53098	6.0		
09 jan  man			96696	9.0		94038	9.0		58619	2.0			58475			1.0		90767	9.0	91037	9.0	44112	5.0	52698		6.0	52229	6.0		53105	7.0		
10 jan  tir			96705	9.0		94048	10.0		58621	2.0			58478			3.0		90776	9.0	91046	9.0	44118	6.0	52704		6.0	52234	5.0		53110	5.0		
11 jan  ons			96714	9.0		94056	8.0		58623	2.0			58480			2.0		90785	9.0	91055	9.0	44123	5.0	52710		6.0	52240	6.0		53116	6.0		
12 jan  tor			96722	8.0		94065	9.0		58625	2.0			58482			2.0		90793	8.0	91063	8.0	44129	6.0	52717		7.0	52246	6.0		53123	7.0		
13 jan  fre			96730	8.0		94072	7.0		58628	3.0			58484			2.0		90801	8.0	91071	8.0	44136	7.0	52723		6.0	52252	6.0		53129	6.0		
14 jan  lør			96738	8.0		94080	8.0		58630	2.0			58486			2.0		90809	8.0	91079	8.0	44142	6.0	52730		7.0	52258	6.0		53136	7.0		
15 jan  søn			96745	7.0		94087	7.0		58632	2.0			58489			3.0		90816	7.0	91086	7.0	44148	6.0	52737		7.0	52264	6.0		53143	7.0		
16 jan  man			96753	8.0		94095	8.0		58634	2.0			58491			2.0		90824	8.0	91094	8.0	44153	5.0	52743		6.0	52270	6.0		53150	7.0		
17 jan  tir			96762	9.0		94105	10.0		58636	2.0			58493			2.0		90833	9.0	91103	9.0	44159	6.0	52749		6.0	52276	6.0		53155	5.0		
18 jan  ons			96771	9.0		94114	9.0		58639	3.0			58495			2.0		90842	9.0	91112	9.0	44164	5.0	52755		6.0	52281	5.0		53161	6.0		
19 jan  tor			96780	9.0		94122	8.0		58641	2.0			58498			3.0		90851	9.0	91121	9.0	44170	6.0	52761		6.0	52286	5.0		53167	6.0		
20 jan  fre			96788	8.0		94130	8.0		58644	3.0			58501			3.0		90859	8.0	91129	8.0	44175	5.0	52767		6.0	52292	6.0		53173	6.0		
21 jan  lør			96795	7.0		94137	7.0		58647	3.0			58503			2.0		90866	7.0	91136	7.0	44181	6.0	52773		6.0	52298	6.0		53180	7.0		
22 jan  søn			96803	8.0		94145	8.0		58649	2.0			58505			2.0		90874	8.0	91144	8.0	44188	7.0	52779		6.0	52304	6.0		53186	6.0		
23 jan  man			96811	8.0		94154	9.0		58651	2.0			58508			3.0		90882	8.0	91152	8.0	44194	6.0	52785		6.0	52310	6.0		53191	5.0		
24 jan  tir			96820	9.0		94162	8.0		58654	3.0			58511			3.0		90891	9.0	91161	9.0	44198	4.0	52791		6.0	52315	5.0		53197	6.0		
25 jan  ons			96828	8.0		94170	8.0		58658	4.0			58514			3.0		90899	8.0	91169	8.0	44203	5.0	52796		5.0	52320	5.0		53203	6.0		
26 jan  tor			96837	9.0		94179	9.0		58660	2.0			58516			2.0		90908	9.0	91178	9.0	44208	5.0	52802		6.0	52325	5.0		53208	5.0		
27 jan  fre			96848	11.0		94190	11.0		58663	3.0			58519			3.0		90919	11.0	91189	11.0	44213	5.0	52807		5.0	52329	4.0		53213	5.0		
28 jan  lør			96856	8.0		94198	8.0		58665	2.0			58521			2.0		90927	8.0	91197	8.0	44219	6.0	52813		6.0	52335	6.0		53219	6.0		
29 jan  søn			96864	8.0		94206	8.0		58667	2.0			58523			2.0		90935	8.0	91205	8.0	44224	5.0	52820		7.0	52341	6.0		53226	7.0		
30 jan  man			96871	7.0		94213	7.0		58669	2.0			58525			2.0		90942	7.0	91212	7.0	44231	7.0	52826		6.0	52347	6.0		53232	6.0		
31 jan  tir			96879	8.0		94221	8.0		58671	2.0			58528			3.0		90950	8.0	91220	8.0	44236	5.0	52832		6.0	52353	6.0		53238	6.0		
01 feb  ons			96889	10.0		94230	9.0		58674	3.0			58530			2.0		90960	10.0	91229	9.0	44241	5.0	52838		6.0	52357	4.0		53244	6.0		
02 feb  tor			96897	8.0		94239	9.0		58677	3.0			58533			3.0		90968	8.0	91238	9.0	44247	6.0	52843		5.0	52363	6.0		53249	5.0		
03 feb  fre			96906	9.0		94248	9.0		58679	2.0			58535			2.0		90977	9.0	91247	9.0	44252	5.0	52849		6.0	52368	5.0		53255	6.0		
04 feb  lør			96914	8.0		94256	8.0		58681	2.0			58537			2.0		90985	8.0	91254	7.0	44259	7.0	52855		6.0	52375	7.0		53261	6.0		
05 feb  søn			96924	10.0		94266	10.0		58684	3.0			58540			3.0		90995	10.0	91264	10.0	44264	5.0	52860		5.0	52380	5.0		53267	6.0		
06 feb  man			96929	5.0		94271	5.0		58686	2.0			58542			2.0		91000	5.0	91270	6.0	44271	7.0	52867		7.0	52387	7.0		53274	7.0		
07 feb  tir			96937	8.0		94279	8.0		58688	2.0			58544			2.0		91008	8.0	91278	8.0	44277	6.0	52873		6.0	52393	6.0		53280	6.0		
08 feb  ons			96946	9.0		94288	9.0		58691	3.0			58547			3.0		91017	9.0	91286	8.0	44282	5.0	52879		6.0	52398	5.0		53286	6.0		
09 feb  tor			96955	9.0		94297	9.0		58693	2.0			58549			2.0		91026	9.0	91295	9.0	44288	6.0	52885		5.0	52404	6.0		53292	6.0		
10 feb  fre			96963	8.0		94305	8.0		58696	3.0			58552			3.0		91034	8.0	91304	9.0	44294	6.0	52891		6.0	52410	6.0		53298	6.0		
11 feb  lør			96971	8.0		94312	7.0		58698	2.0			58554			2.0		91042	8.0	91311	7.0	44301	7.0	52898		7.0	52417	7.0		53304	6.0		
12 feb  søn			96977	6.0		94319	7.0		58700	2.0			58556			2.0		91048	6.0	91317	6.0	44307	6.0	52905		7.0	52423	6.0		53312	8.0		
13 feb  man			96985	8.0		94326	7.0		58702	2.0			58558			2.0		91056	8.0	91325	8.0	44313	6.0	52911		6.0	52429	6.0		53318	6.0		
14 feb  tir			96993	8.0		94335	9.0		58705	3.0			58561			3.0		91064	8.0	91334	9.0	44318	5.0	52918		7.0	52434	5.0		53324	6.0		
15 feb  ons			97001	8.0		94343	8.0		58708	3.0			58564			3.0		91072	8.0	91342	8.0	44323	5.0	52924		6.0	52439	5.0		53330	6.0		
16 feb  tor			97009	8.0		94350	7.0		58711	3.0			58567			3.0		91080	8.0	91349	7.0	44329	6.0	52930		6.0	52445	6.0		53337	7.0		
17 feb  fre			97016	7.0		94358	8.0		58714	3.0			58570			3.0		91088	8.0	91357	8.0	44335	6.0	52936		6.0	52451	6.0		53343	6.0		
18 feb  lør			97023	7.0		94364	6.0		58717	3.0			58572			2.0		91094	6.0	91363	6.0	44341	6.0	52942		6.0	52457	6.0		53349	6.0		
19 feb  søn			97030	7.0		94372	8.0		58719	2.0			58575			3.0		91101	7.0	91370	7.0	44347	6.0	52949		7.0	52463	6.0		53356	7.0		
20 feb  man			97038	8.0		94379	7.0		58722	3.0			58577			2.0		91109	8.0	91378	8.0	44353	6.0	52955		6.0	52469	6.0		53362	6.0		
21 feb  tir			97052	14.0		94393	14.0		58724	2.0			58579			2.0		91123	14.0	91392	14.0	44357	4.0	52958		3.0	52473	4.0		53365	3.0		
22 feb  ons			97059	7.0		94400	7.0		58726	2.0			58582			3.0		91130	7.0	91399	7.0	44362	5.0	52965		7.0	52478	5.0		53372	7.0		
23 feb  tor			97065	6.0		94406	6.0		58729	3.0			58584			2.0		91136	6.0	91405	6.0	44369	7.0	52972		7.0	52485	7.0		53379	7.0		
24 feb  fre			97071	6.0		94412	6.0		58732	3.0			58587			3.0		91142	6.0	91411	6.0	44376	7.0	52979		7.0	52492	7.0		53386	7.0		
25 feb  lør			97077	6.0		94418	6.0		58734	2.0			58589			2.0		91148	6.0	91416	5.0	44383	7.0	52986		7.0	52500	8.0		53393	7.0		
26 feb  søn			97083	6.0		94424	6.0		58736	2.0			58592			3.0		91154	6.0	91423	7.0	44390	7.0	52993		7.0	52506	6.0		53400	7.0		
27 feb  man			97090	7.0		94432	8.0		58739	3.0			58594			2.0		91161	7.0	91430	7.0	44396	6.0	53000		7.0	52512	6.0		53406	6.0		
28 feb  tir			97098	8.0		94439	7.0		58742	3.0			58597			3.0		91169	8.0	91437	7.0	44402	6.0	53005		5.0	52518	6.0		53412	6.0		
01 mar  ons			97106	8.0		94448	9.0		58745	3.0			58600			3.0		91177	8.0	91446	9.0	44407	5.0	53011		6.0	52523	5.0		53418	6.0		
02 mar  tor			97115	9.0		94456	8.0		58748	3.0			58603			3.0		91186	9.0	91454	8.0	44412	5.0	53017		6.0	52529	6.0		53423	5.0		
03 mar  fre			97124	9.0		94465	9.0		58751	3.0			58606			3.0		91195	9.0	91463	9.0	44418	6.0	53022		5.0	52534	5.0		53429	6.0		
04 mar  lør			97131	7.0		94472	7.0		58754	3.0			58609			3.0		91202	7.0	91471	8.0	44423	5.0	53028		6.0	52539	5.0		53435	6.0		
05 mar  søn			97138	7.0		94479	7.0		58757	3.0			58612			3.0		91209	7.0	91477	6.0	44430	7.0	53035		7.0	52546	7.0		53442	7.0		
06 mar  man			97146	8.0		94486	7.0		58760	3.0			58615			3.0		91217	8.0	91485	8.0	44436	6.0	53041		6.0	52552	6.0		53447	5.0		
07 mar  tir			97155	9.0		94496	10.0		58763	3.0			58618			3.0		91226	9.0	91494	9.0	44441	5.0	53046		5.0	52557	5.0		53452	5.0		
08 mar  ons			97165	10.0		94506	10.0		58766	3.0			58621			3.0		91236	10.0	91504	10.0	44445	4.0	53050		4.0	52561	4.0		53457	5.0		
09 mar  tor			97175	10.0		94516	10.0		58769	3.0			58624			3.0		91246	10.0	91514	10.0	44449	4.0	53055		5.0	52565	4.0		53461	4.0		
10 mar  fre			97183	8.0		94524	8.0		58772	3.0			58628			4.0		91254	8.0	91523	9.0	44454	5.0	53060		5.0	52570	5.0		53466	5.0		
11 mar  lør			97191	8.0		94532	8.0		58776	4.0			58631			3.0		91262	8.0	91531	8.0	44459	5.0	53065		5.0	52575	5.0		53472	6.0		
12 mar  søn			97199	8.0		94540	8.0		58778	2.0			58634			3.0		91270	8.0	91539	8.0	44464	5.0	53071		6.0	52581	6.0		53478	6.0		
13 mar  man			97207	8.0		94548	8.0		58782	4.0			58637			3.0		91278	8.0	91547	8.0	44470	6.0	53076		5.0	52586	5.0		53483	5.0		
14 mar  tir			97216	9.0		94558	10.0		58785	3.0			58640			3.0		91287	9.0	91556	9.0	44474	4.0	53081		5.0	52590	4.0		53488	5.0		
15 mar  ons			97226	10.0		94567	9.0		58788	3.0			58644			4.0		91297	10.0	91566	10.0	44479	5.0	53086		5.0	52595	5.0		53492	4.0		
16 mar  tor			97236	10.0		94578	11.0		58791	3.0			58647			3.0		91307	10.0	91576	10.0	44483	4.0	53090		4.0	52599	4.0		53497	5.0		
17 mar  fre			97246	10.0		94588	10.0		58794	3.0			58650			3.0		91317	10.0	91586	10.0	44487	4.0	53094		4.0	52603	4.0		53501	4.0		
18 mar  lør			97252	6.0		94593	5.0		58797	3.0			58653			3.0		91323	6.0	91592	6.0	44493	6.0	53101		7.0	52610	7.0		53508	7.0		
19 mar  søn			97258	6.0		94599	6.0		58800	3.0			58655			2.0		91329	6.0	91598	6.0	44500	7.0	53108		7.0	52616	6.0		53515	7.0		
20 mar  man			97264	6.0		94605	6.0		58803	3.0			58659			4.0		91335	6.0	91604	6.0	44507	7.0	53115		7.0	52623	7.0		53521	6.0		
21 mar  tir			97270	6.0		94612	7.0		58806	3.0			58662			3.0		91341	6.0	91610	6.0	44513	6.0	53122		7.0	52629	6.0		53528	7.0		
22 mar  ons			97278	8.0		94620	8.0		58809	3.0			58665			3.0		91349	8.0	91618	8.0	44518	5.0	53127		5.0	52635	6.0		53534	6.0		
23 mar  tor			97287	9.0		94629	9.0		58812	3.0			58668			3.0		91359	10.0	91628	10.0	44523	5.0	53132		5.0	52639	4.0		53539	5.0		
24 mar  fre			97296	9.0		94638	9.0		58815	3.0			58671			3.0		91368	9.0	91637	9.0	44528	5.0	53138		6.0	52644	5.0		53544	5.0		
25 mar  lør			97304	8.0		94646	8.0		58818	3.0			58674			3.0		91376	8.0	91645	8.0	44533	5.0	53143		5.0	52649	5.0		53550	6.0		
26 mar  søn			97312	8.0		94654	8.0		58821	3.0			58677			3.0		91384	8.0	91653	8.0	44539	6.0	53149		6.0	52655	6.0		53556	6.0		
27 mar  man			97321	9.0		94663	9.0		58824	3.0			58680			3.0		91392	8.0	91662	9.0	44544	5.0	53154		5.0	52660	5.0		53561	5.0		
28 mar  tir			97330	9.0		94672	9.0		58827	3.0			58683			3.0		91401	9.0	91671	9.0	44548	4.0	53159		5.0	52664	4.0		53566	5.0		
29 mar  ons			97340	10.0		94682	10.0		58833	6.0			58689			6.0		91411	10.0	91680	9.0	44553	5.0	53163		4.0	52669	5.0		53570	4.0		
30 mar  tor			97349	9.0		94691	9.0		58839	6.0			58695			6.0		91420	9.0	91689	9.0	44555	2.0	53167		4.0	52671	2.0		53573	3.0		
31 mar  fre			97357	8.0		94699	8.0		58844	5.0			58700			5.0		91428	8.0	91697	8.0	44558	3.0	53171		4.0	52675	4.0		53578	5.0		
01 apr  lør			97364	7.0		94706	7.0		58848	4.0			58704			4.0		91435	7.0	91704	7.0	44563	5.0	53176		5.0	52679	4.0		53583	5.0		
02 apr  søn			97371	7.0		94713	7.0		58852	4.0			58708			4.0		91442	7.0	91711	7.0	44569	6.0	53181		5.0	52685	6.0		53588	5.0		
03 apr  man			97379	8.0		94721	8.0		58856	4.0			58712			4.0		91450	8.0	91719	8.0	44573	4.0	53186		5.0	52689	4.0		53593	5.0		
04 apr  tir			97388	9.0		94730	9.0		58860	4.0			58715			3.0		91459	9.0	91729	10.0	44577	4.0	53191		5.0	52693	4.0		53598	5.0		
05 apr  ons			97398	10.0		94741	11.0		58862	2.0			58718			3.0		91470	11.0	91739	10.0	44581	4.0	53196		5.0	52698	5.0		53603	5.0		
06 apr  tor			97408	10.0		94750	9.0		58866	4.0			58722			4.0		91479	9.0	91749	10.0	44586	5.0	53201		5.0	52702	4.0		53608	5.0		
07 apr  fre			97416	8.0		94758	8.0		58870	4.0			58726			4.0		91487	8.0	91757	8.0	44590	4.0	53206		5.0	52706	4.0		53613	5.0		
08 apr  lør			97423	7.0		94766	8.0		58873	3.0			58729			3.0		91494	7.0	91764	7.0	44595	5.0	53211		5.0	52711	5.0		53618	5.0		
09 apr  søn			97430	7.0		94773	7.0		58877	4.0			58733			4.0		91502	8.0	91771	7.0	44600	5.0	53217		6.0	52716	5.0		53624	6.0		
10 apr  man			97440	10.0		94782	9.0		58881	4.0			58737			4.0		91511	9.0	91781	10.0	44604	4.0	53222		5.0	52720	4.0		53629	5.0		
11 apr  tir			97452	12.0		94794	12.0		58884	3.0			58740			3.0		91523	12.0	91793	12.0	44607	3.0	53226		4.0	52723	3.0		53633	4.0		
12 apr  ons			97459	7.0		94801	7.0		58887	3.0			58744			4.0		91530	7.0	91800	7.0	44612	5.0	53232		6.0	52728	5.0		53638	5.0		
13 apr  tor			97466	7.0		94808	7.0		58890	3.0			58747			3.0		91537	7.0	91807	7.0	44618	6.0	53237		5.0	52734	6.0		53644	6.0		
14 apr  fre			97472	6.0		94814	6.0		58894	4.0			58750			3.0		91543	6.0	91813	6.0	44624	6.0	53244		7.0	52740	6.0		53651	7.0		
15 apr  lør			97475	3.0		94818	4.0		58897	3.0			58753			3.0		91546	3.0	91816	3.0	44631	7.0	53253		9.0	52747	7.0		53660	9.0		
16 apr  søn			97480	5.0		94823	5.0		58900	3.0			58757			4.0		91551	5.0	91821	5.0	44637	6.0	53261		8.0	52753	6.0		53667	7.0		
17 apr  man			97486	6.0		94829	6.0		58903	3.0			58761			4.0		91557	6.0	91827	6.0	44643	6.0	53267		6.0	52759	6.0		53673	6.0		
18 apr  tir			97494	8.0		94837	8.0		58906	3.0			58764			3.0		91566	9.0	91836	9.0	44648	5.0	53272		5.0	52764	5.0		53679	6.0		
19 apr  ons			97502	8.0		94845	8.0		58910	4.0			58767			3.0		91574	8.0	91844	8.0	44652	4.0	53278		6.0	52769	5.0		53685	6.0		
20 apr  tor			97512	10.0		94855	10.0		58913	3.0			58771			4.0		91583	9.0	91853	9.0	44656	4.0	53283		5.0	52773	4.0		53690	5.0		
21 apr  fre			97522	10.0		94865	10.0		58917	4.0			58774			3.0		91593	10.0	91863	10.0	44660	4.0	53288		5.0	52776	3.0		53694	4.0		
22 apr  lør			97530	8.0		94873	8.0		58920	3.0			58777			3.0		91601	8.0	91872	9.0	44664	4.0	53293		5.0	52781	5.0		53700	5.0		
23 apr  søn			97539	9.0		94882	9.0		58923	3.0			58781			4.0		91610	9.0	91880	8.0	44669	5.0	53299		6.0	52785	4.0		53706	6.0		
24 apr  man			97555	16.0		94898	16.0		58928	5.0			58785			4.0		91627	17.0	91897	17.0	44671	2.0	53301		2.0	52787	2.0		53708	2.0		
25 apr  tir			97572	17.0		94916	18.0		58930	2.0			58787			2.0		91644	17.0	91914	17.0	44673	2.0	53302		1.0	52789	2.0		53709	1.0		
26 apr  ons			97593	21.0		94936	20.0		58931	1.0			58789			2.0		91664	20.0	91935	21.0	44674	1.0	53303		1.0	52790	1.0		53710	1.0		
27 apr  tor			97605	12.0		94948	12.0		58935	4.0			58793			4.0		91676	12.0	91947	12.0	44678	4.0	53305		2.0	52794	4.0		53712	2.0		
28 apr  fre			97612	7.0		94955	7.0		58939	4.0			58798			5.0		91683	7.0	91954	7.0	44682	4.0	53310		5.0	52799	5.0		53717	5.0		
29 apr  lør			97618	6.0		94962	7.0		58943	4.0			58802			4.0		91690	7.0	91960	6.0	44687	5.0	53314		4.0	52804	5.0		53721	4.0		
30 apr  søn			97626	8.0		94969	7.0		58948	5.0			58807			5.0		91697	7.0	91968	8.0	44692	5.0	53318		4.0	52809	5.0		53725	4.0		
Antal			486	486		486	486		486	486			486			486		486	486	486	486	486	486	486		486	486	486		486	486		
Total				3943.0			3948.0			1693.0						1693.0			3813.0		3802.0		2630.0			2295.0		2370.0			2654.0		
Gennemsnit				8.1			8.1			3.5						3.5			7.8		7.8		5.4			4.7		4.9			1.0		
																																	
																																	
		Historian Guide																															
A		Tag Configuration			Tag EGU			Tag Compression				Tag Data																					
																																	
