																																	
																																	
																																	
	Rapportperiode: 01-01-2016  -  01-05-2017														Ejby Mølle Renseanlæg																		
																																	
	Drifttimer Luftningstank 1: januar 2016																																
																																	
																																	
																																	
																																	
			LT-RO1.1			LT-RO2.1			LT-RO3.1				LT-RO4.1					LT-RO5.1		LT-RO6.1		LT-OM1.1		LT-OM2.1			LT-OM3.1			LT-OM4.1			
			"Rotor
 Drifttimer"			"Rotor
 Drifttimer"			"Rotor
 Drifttimer"				"Rotor
 Drifttimer"					"Rotor 
Drifttimer"		"Rotor 
Drifttimer"		Omrører Drifttimer		Omrører Drifttimer			Omrører Drifttimer			Omrører Drifttimer			
Dato			Total h	Døgn h		Total h	Døgn h		 Total h	Døgn h			Total h			Døgn h		 Total h	Døgn h	Total h	 Døgn h	Total h	Døgn h	Total h		Døgn h	Total h	Døgn h		Total h	Døgn h		
01 jan  fre			84599	5.0		88539	6.0		52948	3.0			53071			3.0		85917	5.0	85820	6.0	50843	6.0	51412		3.0	51389	6.0		50799	4.0		
02 jan  lør			84604	5.0		88543	4.0		52950	2.0			53073			2.0		85921	4.0	85824	4.0	50850	7.0	51418		6.0	51395	6.0		50805	6.0		
03 jan  søn			84609	5.0		88548	5.0		52953	3.0			53075			2.0		85926	5.0	85829	5.0	50855	5.0	51425		7.0	51401	6.0		50812	7.0		
04 jan  man			84615	6.0		88554	6.0		52956	3.0			53078			3.0		85932	6.0	85834	5.0	50862	7.0	51432		7.0	51407	6.0		50819	7.0		
05 jan  tir			84621	6.0		88559	5.0		52959	3.0			53081			3.0		85937	5.0	85840	6.0	50866	4.0	51438		6.0	51412	5.0		50825	6.0		
06 jan  ons			84629	8.0		88572	12.0		52960	1.0			53083			2.0		85945	7.0	85852	12.0	50869	3.0	51440		2.0	51415	3.0		50827	2.0		
07 jan  tor			84637	8.0		88580	8.0		52963	3.0			53086			3.0		85952	7.0	85858	6.0	50876	7.0	51446		6.0	51421	6.0		50833	6.0		
08 jan  fre			84644	7.0		88586	6.0		52966	3.0			53089			3.0		85959	7.0	85864	6.0	50880	4.0	51452		6.0	51426	5.0		50839	6.0		
09 jan  lør			84650	6.0		88592	6.0		52969	3.0			53091			2.0		85965	6.0	85870	6.0	50887	7.0	51458		6.0	51432	6.0		50845	6.0		
10 jan  søn			84655	5.0		88597	5.0		52971	2.0			53094			3.0		85970	5.0	85875	5.0	50893	6.0	51464		6.0	51439	7.0		50850	5.0		
11 jan  man			84661	6.0		88603	6.0		52974	3.0			53097			3.0		85975	5.0	85881	6.0	50900	7.0	51471		7.0	51445	6.0		50857	7.0		
12 jan  tir			84669	8.0		88610	7.0		52977	3.0			53099			2.0		85983	7.0	85887	6.0	50904	4.0	51474		3.0	51450	5.0		50861	4.0		
13 jan  ons			84671	2.0		88612	2.0		52978	1.0			53101			2.0		85984	1.0	85889	2.0	50907	3.0	51476		2.0	51453	3.0		50863	2.0		
14 jan  tor			84678	7.0		88621	9.0		52981	3.0			53103			2.0		85991	7.0	85896	7.0	50911	4.0	51480		4.0	51456	3.0		50866	3.0		
15 jan  fre			84686	8.0		88632	11.0		52983	2.0			53106			3.0		85998	7.0	85906	10.0	50915	4.0	51484		4.0	51461	5.0		50870	4.0		
16 jan  lør			84695	9.0		88643	11.0		52987	4.0			53109			3.0		86006	8.0	85916	10.0	50918	3.0	51488		4.0	51464	3.0		50875	5.0		
17 jan  søn			84701	6.0		88649	6.0		52990	3.0			53113			4.0		86011	5.0	85922	6.0	50925	7.0	51494		6.0	51470	6.0		50881	6.0		
18 jan  man			84707	6.0		88655	6.0		52994	4.0			53117			4.0		86017	6.0	85928	6.0	50930	5.0	51500		6.0	51476	6.0		50887	6.0		
19 jan  tir			84714	7.0		88662	7.0		52998	4.0			53121			4.0		86024	7.0	85935	7.0	50936	6.0	51506		6.0	51481	5.0		50893	6.0		
20 jan  ons			84721	7.0		88669	7.0		53002	4.0			53125			4.0		86031	7.0	85942	7.0	50941	5.0	51511		5.0	51487	6.0		50898	5.0		
21 jan  tor			84728	7.0		88676	7.0		53006	4.0			53130			5.0		86038	7.0	85949	7.0	50945	4.0	51516		5.0	51491	4.0		50903	5.0		
22 jan  fre			84738	10.0		88686	10.0		53010	4.0			53133			3.0		86047	9.0	85958	9.0	50948	3.0	51520		4.0	51494	3.0		50907	4.0		
23 jan  lør			84747	9.0		88694	8.0		53013	3.0			53136			3.0		86056	9.0	85965	7.0	50950	2.0	51524		4.0	51495	1.0		50911	4.0		
24 jan  søn			84752	5.0		88700	6.0		53015	2.0			53138			2.0		86060	4.0	85971	6.0	50955	5.0	51526		2.0	51501	6.0		50913	2.0		
25 jan  man			84758	6.0		88707	7.0		53018	3.0			53141			3.0		86066	6.0	85977	6.0	50959	4.0	51532		6.0	51504	3.0		50918	5.0		
26 jan  tir			84764	6.0		88714	7.0		53021	3.0			53145			4.0		86072	6.0	85984	7.0	50963	4.0	51536		4.0	51509	5.0		50923	5.0		
27 jan  ons			84771	7.0		88720	6.0		53024	3.0			53148			3.0		86078	6.0	85989	5.0	50965	2.0	51544		8.0	51513	4.0		50929	6.0		
28 jan  tor			84782	11.0		88731	11.0		53025	1.0			53148			0.0		86087	9.0	85996	7.0	50968	3.0	51551		7.0	51517	4.0		50935	6.0		
29 jan  fre			84788	6.0		88737	6.0		53027	2.0			53151			3.0		86092	5.0	86002	6.0	50973	5.0	51556		5.0	51522	5.0		50940	5.0		
30 jan  lør			84794	6.0		88742	5.0		53029	2.0			53154			3.0		86098	6.0	86006	4.0	50977	4.0	51562		6.0	51526	4.0		50946	6.0		
31 jan  søn			84798	4.0		88746	4.0		53031	2.0			53155			1.0		86102	4.0	86010	4.0	50984	7.0	51567		5.0	51532	6.0		50951	5.0		
01 feb  man			84805	7.0		88751	5.0		53033	2.0			53157			2.0		86108	6.0	86015	5.0	50988	4.0	51572		5.0	51537	5.0		50956	5.0		
02 feb  tir			84815	10.0		88759	8.0		53035	2.0			53159			2.0		86117	9.0	86022	7.0	50990	2.0	51576		4.0	51539	2.0		50960	4.0		
03 feb  ons			84825	10.0		88767	8.0		53038	3.0			53162			3.0		86125	8.0	86029	7.0	50994	4.0	51578		2.0	51542	3.0		50963	3.0		
04 feb  tor			84835	10.0		88777	10.0		53040	2.0			53164			2.0		86134	9.0	86036	7.0	50997	3.0	51582		4.0	51545	3.0		50966	3.0		
05 feb  fre			84841	6.0		88783	6.0		53042	2.0			53166			2.0		86139	5.0	86042	6.0	51001	4.0	51585		3.0	51549	3.0		50970	4.0		
06 feb  lør			84848	7.0		88791	8.0		53044	2.0			53168			2.0		86146	7.0	86049	7.0	51003	2.0	51590		5.0	51552	3.0		50974	4.0		
07 feb  søn			84856	8.0		88798	7.0		53046	2.0			53171			3.0		86153	7.0	86055	6.0	51009	6.0	51595		5.0	51557	5.0		50979	5.0		
08 feb  man			84859	3.0		88801	3.0		53048	2.0			53172			1.0		86156	3.0	86058	3.0	51014	5.0	51600		5.0	51563	6.0		50984	5.0		
09 feb  tir			84864	5.0		88806	5.0		53050	2.0			53174			2.0		86160	4.0	86062	4.0	51018	4.0	51604		4.0	51566	3.0		50988	4.0		
10 feb  ons			84868	4.0		88810	4.0		53051	1.0			53175			1.0		86164	4.0	86066	4.0	51022	4.0	51608		4.0	51570	4.0		50992	4.0		
11 feb  tor			84874	6.0		88816	6.0		53056	5.0			53179			4.0		86170	6.0	86071	5.0	51024	2.0	51610		2.0	51573	3.0		50994	2.0		
12 feb  fre			84882	8.0		88822	6.0		53058	2.0			53182			3.0		86177	7.0	86077	6.0	51027	3.0	51614		4.0	51575	2.0		50998	4.0		
13 feb  lør			84888	6.0		88829	7.0		53060	2.0			53184			2.0		86182	5.0	86082	5.0	51032	5.0	51616		2.0	51580	5.0		51000	2.0		
14 feb  søn			84893	5.0		88834	5.0		53062	2.0			53186			2.0		86187	5.0	86087	5.0	51038	6.0	51623		7.0	51587	7.0		51007	7.0		
15 feb  man			84900	7.0		88840	6.0		53065	3.0			53189			3.0		86193	6.0	86093	6.0	51044	6.0	51630		7.0	51593	6.0		51015	8.0		
16 feb  tir			84908	8.0		88848	8.0		53068	3.0			53192			3.0		86201	8.0	86101	8.0	51050	6.0	51636		6.0	51599	6.0		51020	5.0		
17 feb  ons			84915	7.0		88855	7.0		53071	3.0			53195			3.0		86208	7.0	86107	6.0	51056	6.0	51643		7.0	51604	5.0		51027	7.0		
18 feb  tor			84923	8.0		88863	8.0		53074	3.0			53198			3.0		86215	7.0	86114	7.0	51061	5.0	51648		5.0	51610	6.0		51032	5.0		
19 feb  fre			84931	8.0		88872	9.0		53077	3.0			53201			3.0		86223	8.0	86122	8.0	51067	6.0	51653		5.0	51615	5.0		51037	5.0		
20 feb  lør			84936	5.0		88876	4.0		53079	2.0			53203			2.0		86227	4.0	86126	4.0	51071	4.0	51658		5.0	51619	4.0		51042	5.0		
21 feb  søn			84940	4.0		88880	4.0		53081	2.0			53205			2.0		86231	4.0	86130	4.0	51078	7.0	51664		6.0	51627	8.0		51048	6.0		
22 feb  man			84946	6.0		88887	7.0		53083	2.0			53207			2.0		86236	5.0	86135	5.0	51082	4.0	51669		5.0	51630	3.0		51053	5.0		
23 feb  tir			84953	7.0		88895	8.0		53086	3.0			53209			2.0		86243	7.0	86143	8.0	51087	5.0	51672		3.0	51635	5.0		51057	4.0		
24 feb  ons			84961	8.0		88903	8.0		53089	3.0			53212			3.0		86250	7.0	86150	7.0	51092	5.0	51678		6.0	51641	6.0		51062	5.0		
25 feb  tor			84968	7.0		88910	7.0		53092	3.0			53216			4.0		86257	7.0	86157	7.0	51098	6.0	51683		5.0	51646	5.0		51068	6.0		
26 feb  fre			84977	8.0		88919	9.0		53096	4.0			53220			4.0		86265	8.0	86165	8.0	51103	5.0	51689		6.0	51651	5.0		51073	5.0		
27 feb  lør			84984	7.0		88925	6.0		53099	3.0			53223			3.0		86272	7.0	86172	7.0	51109	6.0	51695		6.0	51657	6.0		51080	7.0		
28 feb  søn			84990	6.0		88932	7.0		53102	3.0			53226			3.0		86278	6.0	86178	6.0	51114	5.0	51702		7.0	51663	6.0		51086	6.0		
29 feb  man			84998	8.0		88940	8.0		53106	4.0			53230			4.0		86286	8.0	86186	8.0	51120	6.0	51707		5.0	51668	5.0		51091	5.0		
01 mar  tir			85008	10.0		88949	9.0		53111	5.0			53236			6.0		86295	9.0	86194	8.0	51124	4.0	51712		5.0	51672	4.0		51096	4.0		
02 mar  ons			85012	4.0		88953	4.0		53114	3.0			53238			2.0		86299	4.0	86198	4.0	51127	3.0	51716		4.0	51675	3.0		51101	5.0		
03 mar  tor			85020	8.0		88961	8.0		53121	7.0			53244			6.0		86307	8.0	86206	8.0	51131	4.0	51720		4.0	51680	5.0		51104	3.0		
04 mar  fre			85027	7.0		88969	8.0		53127	6.0			53250			6.0		86314	7.0	86213	7.0	51136	5.0	51724		4.0	51684	4.0		51108	4.0		
05 mar  lør			85034	7.0		88975	6.0		53131	4.0			53255			5.0		86321	7.0	86219	6.0	51139	3.0	51726		2.0	51688	4.0		51111	3.0		
06 mar  søn			85043	9.0		88984	9.0		53138	7.0			53261			6.0		86330	9.0	86229	10.0	51144	5.0	51730		4.0	51692	4.0		51114	3.0		
07 mar  man			85054	11.0		88995	11.0		53149	11.0			53271			10.0		86341	11.0	86239	10.0	51146	2.0	51732		2.0	51695	3.0		51116	2.0		
08 mar  tir			85061	7.0		89002	7.0		53155	6.0			53277			6.0		86348	7.0	86247	8.0	51149	3.0	51735		3.0	51698	3.0		51119	3.0		
09 mar  ons			85067	6.0		89008	6.0		53161	6.0			53284			7.0		86354	6.0	86253	6.0	51152	3.0	51737		2.0	51700	2.0		51122	3.0		
10 mar  tor			85076	9.0		89017	9.0		53169	8.0			53291			7.0		86363	9.0	86261	8.0	51156	4.0	51740		3.0	51704	4.0		51124	2.0		
11 mar  fre			85083	7.0		89024	7.0		53176	7.0			53298			7.0		86370	7.0	86269	8.0	51158	2.0	51743		3.0	51707	3.0		51127	3.0		
12 mar  lør			85090	7.0		89030	6.0		53181	5.0			53302			4.0		86377	7.0	86275	6.0	51164	6.0	51748		5.0	51712	5.0		51132	5.0		
13 mar  søn			85097	7.0		89038	8.0		53184	3.0			53306			4.0		86383	6.0	86282	7.0	51169	5.0	51753		5.0	51717	5.0		51137	5.0		
14 mar  man			85105	8.0		89046	8.0		53189	5.0			53310			4.0		86390	7.0	86289	7.0	51174	5.0	51759		6.0	51722	5.0		51143	6.0		
15 mar  tir			85113	8.0		89054	8.0		53194	5.0			53315			5.0		86398	8.0	86297	8.0	51179	5.0	51763		4.0	51727	5.0		51147	4.0		
16 mar  ons			85120	7.0		89061	7.0		53199	5.0			53321			6.0		86405	7.0	86304	7.0	51183	4.0	51768		5.0	51732	5.0		51152	5.0		
17 mar  tor			85129	9.0		89069	8.0		53206	7.0			53328			7.0		86414	9.0	86312	8.0	51187	4.0	51771		3.0	51735	3.0		51155	3.0		
18 mar  fre			85138	9.0		89078	9.0		53211	5.0			53332			4.0		86423	9.0	86320	8.0	51191	4.0	51775		4.0	51740	5.0		51159	4.0		
19 mar  lør			85145	7.0		89085	7.0		53215	4.0			53336			4.0		86429	6.0	86327	7.0	51197	6.0	51780		5.0	51745	5.0		51165	6.0		
20 mar  søn			85152	7.0		89092	7.0		53218	3.0			53339			3.0		86436	7.0	86333	6.0	51203	6.0	51787		7.0	51751	6.0		51171	6.0		
21 mar  man			85159	7.0		89099	7.0		53222	4.0			53344			5.0		86443	7.0	86341	8.0	51208	5.0	51792		5.0	51757	6.0		51176	5.0		
22 mar  tir			85165	6.0		89105	6.0		53226	4.0			53348			4.0		86449	6.0	86347	6.0	51214	6.0	51798		6.0	51762	5.0		51182	6.0		
23 mar  ons			85172	7.0		89112	7.0		53231	5.0			53352			4.0		86456	7.0	86354	7.0	51219	5.0	51803		5.0	51768	6.0		51187	5.0		
24 mar  tor			85178	6.0		89118	6.0		53234	3.0			53355			3.0		86462	6.0	86360	6.0	51225	6.0	51810		7.0	51774	6.0		51194	7.0		
25 mar  fre			85183	5.0		89123	5.0		53237	3.0			53358			2.0		86467	5.0	86365	5.0	51232	7.0	51817		7.0	51780	6.0		51202	8.0		
26 mar  lør			85189	6.0		89128	5.0		53240	3.0			53361			3.0		86472	5.0	86370	5.0	51239	7.0	51824		7.0	51787	7.0		51208	6.0		
27 mar  søn			85194	5.0		89134	6.0		53243	3.0			53364			3.0		86477	5.0	86375	5.0	51246	7.0	51831		7.0	51794	7.0		51215	7.0		
28 mar  man			85200	6.0		89140	6.0		53245	2.0			53367			3.0		86483	6.0	86381	6.0	51253	7.0	51837		6.0	51801	7.0		51221	6.0		
29 mar  tir			85207	7.0		89146	6.0		53251	6.0			53372			5.0		86489	6.0	86387	6.0	51258	5.0	51843		6.0	51806	5.0		51227	6.0		
30 mar  ons			85215	8.0		89154	8.0		53258	7.0			53379			7.0		86497	8.0	86395	8.0	51261	3.0	51847		4.0	51809	3.0		51231	4.0		
31 mar  tor			85222	7.0		89161	7.0		53263	5.0			53385			6.0		86504	7.0	86402	7.0	51265	4.0	51851		4.0	51814	5.0		51235	4.0		
01 apr  fre			85228	6.0		89168	7.0		53269	6.0			53390			5.0		86511	7.0	86409	7.0	51269	4.0	51856		5.0	51818	4.0		51240	5.0		
02 apr  lør			85234	6.0		89174	6.0		53273	4.0			53395			5.0		86517	6.0	86415	6.0	51275	6.0	51861		5.0	51823	5.0		51245	5.0		
03 apr  søn			85241	7.0		89180	6.0		53277	4.0			53399			4.0		86523	6.0	86421	6.0	51280	5.0	51867		6.0	51828	5.0		51251	6.0		
04 apr  man			85249	8.0		89188	8.0		53283	6.0			53406			7.0		86531	8.0	86429	8.0	51284	4.0	51871		4.0	51832	4.0		51255	4.0		
05 apr  tir			85255	6.0		89194	6.0		53288	5.0			53411			5.0		86537	6.0	86435	6.0	51289	5.0	51875		4.0	51837	5.0		51259	4.0		
06 apr  ons			85261	6.0		89200	6.0		53292	4.0			53414			3.0		86542	5.0	86440	5.0	51293	4.0	51879		4.0	51842	5.0		51263	4.0		
07 apr  tor			85267	6.0		89206	6.0		53295	3.0			53418			4.0		86548	6.0	86447	7.0	51298	5.0	51883		4.0	51846	4.0		51267	4.0		
08 apr  fre			85274	7.0		89213	7.0		53300	5.0			53423			5.0		86555	7.0	86453	6.0	51303	5.0	51888		5.0	51851	5.0		51272	5.0		
09 apr  lør			85280	6.0		89219	6.0		53304	4.0			53427			4.0		86561	6.0	86459	6.0	51308	5.0	51894		6.0	51857	6.0		51278	6.0		
10 apr  søn			85286	6.0		89225	6.0		53307	3.0			53430			3.0		86567	6.0	86465	6.0	51314	6.0	51900		6.0	51863	6.0		51285	7.0		
11 apr  man			85293	7.0		89232	7.0		53312	5.0			53435			5.0		86574	7.0	86472	7.0	51320	6.0	51905		5.0	51868	5.0		51290	5.0		
12 apr  tir			85300	7.0		89239	7.0		53317	5.0			53440			5.0		86580	6.0	86478	6.0	51324	4.0	51910		5.0	51872	4.0		51294	4.0		
13 apr  ons			85307	7.0		89245	6.0		53322	5.0			53445			5.0		86587	7.0	86485	7.0	51324	0.0	51919		9.0	51877	5.0		51299	5.0		
14 apr  tor			85314	7.0		89253	8.0		53328	6.0			53452			7.0		86594	7.0	86492	7.0	51324	0.0	51926		7.0	51881	4.0		51302	3.0		
15 apr  fre			85321	7.0		89260	7.0		53336	8.0			53459			7.0		86601	7.0	86499	7.0	51324	0.0	51933		7.0	51884	3.0		51305	3.0		
16 apr  lør			85328	7.0		89266	6.0		53342	6.0			53465			6.0		86608	7.0	86506	7.0	51324	0.0	51943		10.0	51889	5.0		51310	5.0		
17 apr  søn			85334	6.0		89272	6.0		53345	3.0			53469			4.0		86614	6.0	86512	6.0	51324	0.0	51955		12.0	51894	5.0		51317	7.0		
18 apr  man			85341	7.0		89280	8.0		53350	5.0			53473			4.0		86621	7.0	86519	7.0	51324	0.0	51965		10.0	51898	4.0		51323	6.0		
19 apr  tir			85348	7.0		89286	6.0		53354	4.0			53478			5.0		86627	6.0	86525	6.0	51324	0.0	51974		9.0	51903	5.0		51328	5.0		
20 apr  ons			85355	7.0		89293	7.0		53360	6.0			53483			5.0		86634	7.0	86532	7.0	51324	0.0	51982		8.0	51907	4.0		51331	3.0		
21 apr  tor			85362	7.0		89300	7.0		53365	5.0			53489			6.0		86641	7.0	86539	7.0	51324	0.0	51991		9.0	51911	4.0		51336	5.0		
22 apr  fre			85367	5.0		89306	6.0		53369	4.0			53493			4.0		86647	6.0	86544	5.0	51324	0.0	52003		12.0	51917	6.0		51342	6.0		
23 apr  lør			85373	6.0		89312	6.0		53373	4.0			53496			3.0		86653	6.0	86550	6.0	51324	0.0	52015		12.0	51923	6.0		51349	7.0		
24 apr  søn			85380	7.0		89319	7.0		53376	3.0			53499			3.0		86659	6.0	86557	7.0	51324	0.0	52027		12.0	51929	6.0		51355	6.0		
25 apr  man			85388	8.0		89326	7.0		53380	4.0			53503			4.0		86666	7.0	86564	7.0	51324	0.0	52038		11.0	51934	5.0		51360	5.0		
26 apr  tir			85395	7.0		89333	7.0		53383	3.0			53507			4.0		86673	7.0	86570	6.0	51324	0.0	52049		11.0	51940	6.0		51366	6.0		
27 apr  ons			85400	5.0		89338	5.0		53386	3.0			53510			3.0		86678	5.0	86576	6.0	51324	0.0	52060		11.0	51946	6.0		51371	5.0		
28 apr  tor			85407	7.0		89345	7.0		53391	5.0			53514			4.0		86684	6.0	86582	6.0	51324	0.0	52071		11.0	51951	5.0		51377	6.0		
29 apr  fre			85412	5.0		89350	5.0		53395	4.0			53518			4.0		86689	5.0	86587	5.0	51324	0.0	52080		9.0	51956	5.0		51380	3.0		
30 apr  lør			85416	4.0		89354	4.0		53397	2.0			53521			3.0		86693	4.0	86591	4.0	51324	0.0	52089		9.0	51961	5.0		51384	4.0		
01 maj  søn			85422	6.0		89360	6.0		53400	3.0			53524			3.0		86699	6.0	86596	5.0	51324	0.0	52103		14.0	51968	7.0		51392	8.0		
02 maj  man			85430	8.0		89367	7.0		53404	4.0			53528			4.0		86707	8.0	86604	8.0	51324	0.0	52114		11.0	51974	6.0		51397	5.0		
03 maj  tir			85437	7.0		89375	7.0		53410	6.0			53534			6.0		86714	7.0	86612	8.0	51324	0.0	52123		9.0	51978	4.0		51402	5.0		
04 maj  ons			85445	8.0		89382	7.0		53417	7.0			53541			7.0		86722	8.0	86619	7.0	51324	0.0	52132		9.0	51983	5.0		51406	4.0		
05 maj  tor			85451	6.0		89389	7.0		53422	5.0			53546			5.0		86728	6.0	86626	7.0	51324	0.0	52142		10.0	51988	5.0		51411	5.0		
06 maj  fre			85458	7.0		89396	7.0		53427	5.0			53551			5.0		86735	7.0	86633	7.0	51324	0.0	52154		12.0	51994	6.0		51417	6.0		
07 maj  lør			85465	7.0		89402	6.0		53430	3.0			53555			4.0		86741	6.0	86639	6.0	51324	0.0	52167		13.0	52000	6.0		51424	7.0		
08 maj  søn			85471	6.0		89409	7.0		53433	3.0			53557			2.0		86748	7.0	86645	6.0	51324	0.0	52181		14.0	52007	7.0		51430	6.0		
09 maj  man			85481	10.0		89418	9.0		53440	7.0			53564			7.0		86758	10.0	86655	10.0	51324	0.0	52189		8.0	52011	4.0		51435	5.0		
10 maj  tir			85493	12.0		89430	12.0		53449	9.0			53574			10.0		86770	12.0	86667	12.0	51324	0.0	52195		6.0	52014	3.0		51438	3.0		
11 maj  ons			85501	8.0		89438	8.0		53456	7.0			53582			8.0		86777	7.0	86674	7.0	51324	0.0	52202		7.0	52018	4.0		51441	3.0		
12 maj  tor			85509	8.0		89446	8.0		53464	8.0			53589			7.0		86785	8.0	86682	8.0	51327	3.0	52207		5.0	52022	4.0		51445	4.0		
13 maj  fre			85517	8.0		89454	8.0		53471	7.0			53596			7.0		86794	9.0	86690	8.0	51332	5.0	52211		4.0	52027	5.0		51449	4.0		
14 maj  lør			85524	7.0		89461	7.0		53475	4.0			53601			5.0		86801	7.0	86697	7.0	51340	8.0	52215		4.0	52035	8.0		51453	4.0		
15 maj  søn			85532	8.0		89469	8.0		53479	4.0			53604			3.0		86809	8.0	86705	8.0	51346	6.0	52220		5.0	52041	6.0		51458	5.0		
16 maj  man			85541	9.0		89478	9.0		53482	3.0			53607			3.0		86817	8.0	86714	9.0	51352	6.0	52224		4.0	52047	6.0		51462	4.0		
17 maj  tir			85549	8.0		89486	8.0		53485	3.0			53611			4.0		86825	8.0	86722	8.0	51360	8.0	52228		4.0	52054	7.0		51467	5.0		
18 maj  ons			85558	9.0		89495	9.0		53493	8.0			53619			8.0		86834	9.0	86730	8.0	51363	3.0	52232		4.0	52058	4.0		51470	3.0		
19 maj  tor			85568	10.0		89504	9.0		53503	9.0			53628			9.0		86843	9.0	86740	10.0	51366	3.0	52234		2.0	52061	3.0		51472	2.0		
20 maj  fre			85577	9.0		89514	10.0		53511	8.0			53637			9.0		86853	10.0	86749	9.0	51372	6.0	52238		4.0	52066	5.0		51476	4.0		
21 maj  lør			85586	9.0		89523	9.0		53517	6.0			53643			6.0		86862	9.0	86758	9.0	51378	6.0	52242		4.0	52073	7.0		51480	4.0		
22 maj  søn			85593	7.0		89529	6.0		53521	4.0			53649			6.0		86868	6.0	86765	7.0	51385	7.0	52248		6.0	52080	7.0		51486	6.0		
23 maj  man			85599	6.0		89536	7.0		53527	6.0			53655			6.0		86875	7.0	86771	6.0	51390	5.0	52252		4.0	52085	5.0		51490	4.0		
24 maj  tir			85606	7.0		89543	7.0		53534	7.0			53661			6.0		86882	7.0	86778	7.0	51394	4.0	52255		3.0	52088	3.0		51493	3.0		
25 maj  ons			85614	8.0		89550	7.0		53541	7.0			53668			7.0		86889	7.0	86786	8.0	51398	4.0	52259		4.0	52093	5.0		51497	4.0		
26 maj  tor			85622	8.0		89558	8.0		53547	6.0			53674			6.0		86897	8.0	86793	7.0	51403	5.0	52263		4.0	52098	5.0		51501	4.0		
27 maj  fre			85629	7.0		89565	7.0		53552	5.0			53679			5.0		86904	7.0	86800	7.0	51408	5.0	52268		5.0	52103	5.0		51506	5.0		
28 maj  lør			85636	7.0		89572	7.0		53556	4.0			53683			4.0		86911	7.0	86807	7.0	51415	7.0	52272		4.0	52110	7.0		51510	4.0		
29 maj  søn			85644	8.0		89580	8.0		53559	3.0			53685			2.0		86919	8.0	86815	8.0	51422	7.0	52277		5.0	52117	7.0		51515	5.0		
30 maj  man			85651	7.0		89587	7.0		53564	5.0			53691			6.0		86926	7.0	86822	7.0	51427	5.0	52281		4.0	52122	5.0		51519	4.0		
31 maj  tir			85658	7.0		89594	7.0		53571	7.0			53698			7.0		86933	7.0	86829	7.0	51431	4.0	52283		2.0	52126	4.0		51521	2.0		
01 jun  ons			85666	8.0		89601	7.0		53579	8.0			53705			7.0		86941	8.0	86837	8.0	51434	3.0	52286		3.0	52129	3.0		51524	3.0		
02 jun  tor			85673	7.0		89609	8.0		53586	7.0			53713			8.0		86949	8.0	86845	8.0	51438	4.0	52289		3.0	52132	3.0		51527	3.0		
03 jun  fre			85682	9.0		89617	8.0		53594	8.0			53721			8.0		86957	8.0	86853	8.0	51442	4.0	52293		4.0	52136	4.0		51531	4.0		
04 jun  lør			85689	7.0		89625	8.0		53599	5.0			53727			6.0		86964	7.0	86860	7.0	51447	5.0	52298		5.0	52142	6.0		51536	5.0		
05 jun  søn			85696	7.0		89631	6.0		53603	4.0			53732			5.0		86971	7.0	86867	7.0	51453	6.0	52303		5.0	52148	6.0		51541	5.0		
06 jun  man			85703	7.0		89639	8.0		53608	5.0			53737			5.0		86978	7.0	86874	7.0	51458	5.0	52307		4.0	52153	5.0		51545	4.0		
07 jun  tir			85712	9.0		89647	8.0		53617	9.0			53745			8.0		86987	9.0	86882	8.0	51462	4.0	52309		2.0	52157	4.0		51547	2.0		
08 jun  ons			85720	8.0		89655	8.0		53624	7.0			53752			7.0		86995	8.0	86891	9.0	51465	3.0	52312		3.0	52160	3.0		51550	3.0		
09 jun  tor			85729	9.0		89665	10.0		53633	9.0			53761			9.0		87004	9.0	86900	9.0	51467	2.0	52314		2.0	52162	2.0		51552	2.0		
10 jun  fre			85738	9.0		89673	8.0		53642	9.0			53770			9.0		87013	9.0	86909	9.0	51468	1.0	52314		0.0	52163	1.0		51552	0.0		
11 jun  lør			85746	8.0		89681	8.0		53649	7.0			53777			7.0		87021	8.0	86916	7.0	51471	3.0	52317		3.0	52166	3.0		51555	3.0		
12 jun  søn			85753	7.0		89688	7.0		53653	4.0			53781			4.0		87028	7.0	86924	8.0	51477	6.0	52321		4.0	52171	5.0		51559	4.0		
13 jun  man			85761	8.0		89696	8.0		53659	6.0			53787			6.0		87037	9.0	86932	8.0	51482	5.0	52325		4.0	52176	5.0		51563	4.0		
14 jun  tir			85770	9.0		89705	9.0		53666	7.0			53794			7.0		87045	8.0	86940	8.0	51486	4.0	52328		3.0	52180	4.0		51566	3.0		
15 jun  ons			85780	10.0		89715	10.0		53676	10.0			53805			11.0		87056	11.0	86951	11.0	51488	2.0	52330		2.0	52183	3.0		51568	2.0		
16 jun  tor			85788	8.0		89723	8.0		53684	7.0			53813			8.0		87064	8.0	86959	8.0	51490	2.0	52332		2.0	52185	2.0		51570	2.0		
17 jun  fre			85797	9.0		89732	9.0		53693	9.0			53821			8.0		87072	8.0	86967	8.0	51493	3.0	52333		1.0	52188	3.0		51572	2.0		
18 jun  lør			85803	6.0		89738	6.0		53699	6.0			53827			6.0		87078	6.0	86973	6.0	51497	4.0	52337		3.0	52192	4.0		51575	3.0		
19 jun  søn			85810	7.0		89744	6.0		53703	4.0			53831			4.0		87085	7.0	86980	7.0	51503	6.0	52342		5.0	52198	6.0		51580	5.0		
20 jun  man			85819	9.0		89754	10.0		53711	8.0			53839			8.0		87094	9.0	86989	9.0	51507	4.0	52345		3.0	52202	4.0		51583	3.0		
21 jun  tir			85827	8.0		89761	7.0		53719	8.0			53847			8.0		87102	8.0	86997	8.0	51510	3.0	52348		3.0	52204	2.0		51586	3.0		
22 jun  ons			85835	8.0		89770	9.0		53727	8.0			53855			8.0		87110	8.0	87005	8.0	51512	2.0	52349		1.0	52207	3.0		51587	1.0		
23 jun  tor			85844	9.0		89778	8.0		53736	9.0			53863			8.0		87119	9.0	87013	8.0	51513	1.0	52350		1.0	52208	1.0		51588	1.0		
24 jun  fre			85853	9.0		89787	9.0		53744	8.0			53872			9.0		87128	9.0	87022	9.0	51515	2.0	52352		2.0	52209	1.0		51590	2.0		
25 jun  lør			85862	9.0		89796	9.0		53754	10.0			53881			9.0		87137	9.0	87032	10.0	51517	2.0	52354		2.0	52212	3.0		51592	2.0		
26 jun  søn			85869	7.0		89803	7.0		53761	7.0			53888			7.0		87144	7.0	87038	6.0	51521	4.0	52357		3.0	52216	4.0		51595	3.0		
27 jun  man			85877	8.0		89811	8.0		53769	8.0			53896			8.0		87152	8.0	87046	8.0	51524	3.0	52361		4.0	52219	3.0		51599	4.0		
28 jun  tir			85885	8.0		89818	7.0		53776	7.0			53904			8.0		87160	8.0	87054	8.0	51527	3.0	52362		1.0	52221	2.0		51600	1.0		
29 jun  ons			85894	9.0		89828	10.0		53785	9.0			53913			9.0		87169	9.0	87063	9.0	51530	3.0	52363		1.0	52224	3.0		51601	1.0		
30 jun  tor			85904	10.0		89838	10.0		53795	10.0			53923			10.0		87179	10.0	87073	10.0	51532	2.0	52364		1.0	52227	3.0		51602	1.0		
01 jul  fre			85912	8.0		89846	8.0		53803	8.0			53931			8.0		87187	8.0	87081	8.0	51535	3.0	52365		1.0	52230	3.0		51603	1.0		
02 jul  lør			85917	5.0		89851	5.0		53808	5.0			53936			5.0		87192	5.0	87086	5.0	51542	7.0	52367		2.0	52237	7.0		51605	2.0		
03 jul  søn			85923	6.0		89857	6.0		53814	6.0			53942			6.0		87198	6.0	87093	7.0	51547	5.0	52371		4.0	52242	5.0		51609	4.0		
04 jul  man			85930	7.0		89864	7.0		53821	7.0			53949			7.0		87205	7.0	87099	6.0	51551	4.0	52375		4.0	52246	4.0		51613	4.0		
05 jul  tir			85937	7.0		89871	7.0		53828	7.0			53956			7.0		87212	7.0	87107	8.0	51553	2.0	52377		2.0	52248	2.0		51615	2.0		
06 jul  ons			85945	8.0		89880	9.0		53836	8.0			53965			9.0		87220	8.0	87115	8.0	51557	4.0	52378		1.0	52252	4.0		51616	1.0		
07 jul  tor			85952	7.0		89886	6.0		53843	7.0			53971			6.0		87227	7.0	87122	7.0	51560	3.0	52380		2.0	52255	3.0		51618	2.0		
08 jul  fre			85961	9.0		89896	10.0		53852	9.0			53981			10.0		87236	9.0	87131	9.0	51562	2.0	52381		1.0	52257	2.0		51619	1.0		
09 jul  lør			85967	6.0		89901	5.0		53858	6.0			53986			5.0		87242	6.0	87137	6.0	51567	5.0	52384		3.0	52262	5.0		51622	3.0		
10 jul  søn			85973	6.0		89907	6.0		53864	6.0			53992			6.0		87248	6.0	87143	6.0	51571	4.0	52388		4.0	52266	4.0		51626	4.0		
11 jul  man			85980	7.0		89915	8.0		53871	7.0			54000			8.0		87255	7.0	87151	8.0	51576	5.0	52392		4.0	52271	5.0		51630	4.0		
12 jul  tir			85987	7.0		89922	7.0		53878	7.0			54007			7.0		87262	7.0	87157	6.0	51578	2.0	52394		2.0	52273	2.0		51632	2.0		
13 jul  ons			85994	7.0		89929	7.0		53885	7.0			54014			7.0		87269	7.0	87165	8.0	51579	1.0	52395		1.0	52274	1.0		51633	1.0		
14 jul  tor			86003	9.0		89938	9.0		53894	9.0			54023			9.0		87278	9.0	87174	9.0	51582	3.0	52397		2.0	52277	3.0		51635	2.0		
15 jul  fre			86010	7.0		89945	7.0		53901	7.0			54030			7.0		87285	7.0	87181	7.0	51585	3.0	52400		3.0	52280	3.0		51638	3.0		
16 jul  lør			86017	7.0		89952	7.0		53904	3.0			54033			3.0		87291	6.0	87187	6.0	51591	6.0	52405		5.0	52286	6.0		51643	5.0		
17 jul  søn			86024	7.0		89959	7.0		53907	3.0			54036			3.0		87298	7.0	87193	6.0	51597	6.0	52410		5.0	52292	6.0		51648	5.0		
18 jul  man			86032	8.0		89967	8.0		53912	5.0			54041			5.0		87304	6.0	87200	7.0	51603	6.0	52416		6.0	52298	6.0		51654	6.0		
19 jul  tir			86038	6.0		89973	6.0		53918	6.0			54048			7.0		87311	7.0	87207	7.0	51606	3.0	52419		3.0	52301	3.0		51657	3.0		
20 jul  ons			86045	7.0		89980	7.0		53925	7.0			54054			6.0		87317	6.0	87214	7.0	51609	3.0	52421		2.0	52304	3.0		51659	2.0		
21 jul  tor			86052	7.0		89987	7.0		53931	6.0			54061			7.0		87324	7.0	87221	7.0	51612	3.0	52423		2.0	52307	3.0		51661	2.0		
22 jul  fre			86059	7.0		89995	8.0		53939	8.0			54069			8.0		87332	8.0	87228	7.0	51615	3.0	52426		3.0	52309	2.0		51664	3.0		
23 jul  lør			86067	8.0		90002	6.0		53944	5.0			54074			5.0		87340	8.0	87236	8.0	51619	4.0	52430		4.0	52314	5.0		51668	4.0		
24 jul  søn			86075	8.0		90010	8.0		53947	3.0			54077			3.0		87346	6.0	87243	7.0	51626	7.0	52435		5.0	52320	6.0		51673	5.0		
25 jul  man			86084	9.0		90019	9.0		53952	5.0			54082			5.0		87356	10.0	87253	10.0	51631	5.0	52439		4.0	52326	6.0		51677	4.0		
26 jul  tir			86092	8.0		90027	8.0		53958	6.0			54088			6.0		87363	7.0	87260	7.0	51636	5.0	52444		5.0	52331	5.0		51682	5.0		
27 jul  ons			86100	8.0		90035	8.0		53966	8.0			54096			8.0		87372	9.0	87269	9.0	51641	4.0	52447		3.0	52336	5.0		51685	3.0		
28 jul  tor			86108	8.0		90043	8.0		53972	6.0			54102			6.0		87379	7.0	87276	7.0	51646	5.0	52451		4.0	52340	4.0		51689	4.0		
29 jul  fre			86118	10.0		90053	10.0		53978	6.0			54108			6.0		87390	11.0	87285	9.0	51650	4.0	52455		4.0	52345	5.0		51693	4.0		
30 jul  lør			86123	5.0		90058	5.0		53981	3.0			54110			2.0		87394	4.0	87291	6.0	51659	9.0	52460		5.0	52353	8.0		51698	5.0		
31 jul  søn			86130	7.0		90065	7.0		53984	3.0			54114			4.0		87400	6.0	87297	6.0	51665	6.0	52466		6.0	52360	6.0		51704	6.0		
01 aug  man			86141	11.0		90076	11.0		53987	3.0			54117			3.0		87410	10.0	87306	9.0	51670	5.0	52469		3.0	52365	5.0		51707	3.0		
02 aug  tir			86150	9.0		90085	9.0		53991	4.0			54121			4.0		87418	8.0	87315	9.0	51676	5.0	52474		5.0	52370	5.0		51712	5.0		
03 aug  ons			86160	10.0		90095	10.0		53999	8.0			54129			8.0		87428	10.0	87324	9.0	51681	5.0	52478		4.0	52376	6.0		51716	4.0		
04 aug  tor			86169	9.0		90103	8.0		54003	4.0			54133			4.0		87436	8.0	87332	8.0	51687	6.0	52482		4.0	52381	5.0		51720	4.0		
05 aug  fre			86177	8.0		90111	8.0		54008	5.0			54138			5.0		87444	8.0	87340	8.0	51692	5.0	52485		3.0	52386	5.0		51723	3.0		
06 aug  lør			86186	9.0		90120	9.0		54011	3.0			54142			4.0		87452	8.0	87348	8.0	51698	6.0	52490		5.0	52393	7.0		51728	5.0		
07 aug  søn			86194	8.0		90127	7.0		54015	4.0			54146			4.0		87459	7.0	87355	7.0	51708	10.0	52490		0.0	52398	5.0		51733	5.0		
08 aug  man			86204	10.0		90136	9.0		54019	4.0			54149			3.0		87469	10.0	87362	7.0	51718	10.0	52490		0.0	52401	3.0		51738	5.0		
09 aug  tir			86214	10.0		90145	9.0		54024	5.0			54155			6.0		87479	10.0	87371	9.0	51725	7.0	52490		0.0	52404	3.0		51743	5.0		
10 aug  ons			86226	12.0		90157	12.0		54028	4.0			54159			4.0		87490	11.0	87381	10.0	51728	3.0	52492		2.0	52406	2.0		51746	3.0		
11 aug  tor			86238	12.0		90169	12.0		54031	3.0			54162			3.0		87500	10.0	87393	12.0	51730	2.0	52495		3.0	52408	2.0		51749	3.0		
12 aug  fre			86249	11.0		90179	10.0		54035	4.0			54166			4.0		87510	10.0	87402	9.0	51733	3.0	52499		4.0	52411	3.0		51753	4.0		
13 aug  lør			86257	8.0		90187	8.0		54039	4.0			54170			4.0		87518	8.0	87410	8.0	51738	5.0	52504		5.0	52416	5.0		51758	5.0		
14 aug  søn			86266	9.0		90196	9.0		54042	3.0			54173			3.0		87526	8.0	87418	8.0	51742	4.0	52510		6.0	52421	5.0		51764	6.0		
15 aug  man			86275	9.0		90204	8.0		54046	4.0			54177			4.0		87534	8.0	87426	8.0	51746	4.0	52515		5.0	52424	3.0		51769	5.0		
16 aug  tir			86284	9.0		90214	10.0		54051	5.0			54183			6.0		87543	9.0	87435	9.0	51749	3.0	52520		5.0	52427	3.0		51774	5.0		
17 aug  ons			86294	10.0		90223	9.0		54058	7.0			54190			7.0		87553	10.0	87444	9.0	51752	3.0	52525		5.0	52431	4.0		51779	5.0		
18 aug  tor			86303	9.0		90233	10.0		54066	8.0			54197			7.0		87562	9.0	87454	10.0	51756	4.0	52529		4.0	52434	3.0		51783	4.0		
19 aug  fre			86313	10.0		90242	9.0		54071	5.0			54202			5.0		87571	9.0	87463	9.0	51760	4.0	52534		5.0	52438	4.0		51788	5.0		
20 aug  lør			86323	10.0		90251	9.0		54074	3.0			54206			4.0		87581	10.0	87472	9.0	51763	3.0	52538		4.0	52442	4.0		51792	4.0		
21 aug  søn			86332	9.0		90259	8.0		54078	4.0			54209			3.0		87589	8.0	87479	7.0	51767	4.0	52544		6.0	52446	4.0		51798	6.0		
22 aug  man			86344	12.0		90270	11.0		54080	2.0			54212			3.0		87600	11.0	87490	11.0	51769	2.0	52546		2.0	52448	2.0		51800	2.0		
23 aug  tir			86351	7.0		90278	8.0		54084	4.0			54216			4.0		87606	6.0	87497	7.0	51774	5.0	52552		6.0	52453	5.0		51806	6.0		
24 aug  ons			86360	9.0		90286	8.0		54092	8.0			54223			7.0		87614	8.0	87506	9.0	51777	3.0	52556		4.0	52456	3.0		51810	4.0		
25 aug  tor			86371	11.0		90297	11.0		54098	6.0			54228			5.0		87625	11.0	87516	10.0	51780	3.0	52560		4.0	52458	2.0		51814	4.0		
26 aug  fre			86381	10.0		90307	10.0		54103	5.0			54232			4.0		87635	10.0	87526	10.0	51783	3.0	52564		4.0	52461	3.0		51818	4.0		
27 aug  lør			86391	10.0		90318	11.0		54108	5.0			54238			6.0		87645	10.0	87536	10.0	51785	2.0	52568		4.0	52464	3.0		51822	4.0		
28 aug  søn			86398	7.0		90325	7.0		54111	3.0			54241			3.0		87651	6.0	87542	6.0	51791	6.0	52574		6.0	52469	5.0		51828	6.0		
29 aug  man			86406	8.0		90332	7.0		54115	4.0			54246			5.0		87659	8.0	87550	8.0	51794	3.0	52579		5.0	52473	4.0		51833	5.0		
30 aug  tir			86415	9.0		90341	9.0		54121	6.0			54251			5.0		87668	9.0	87559	9.0	51797	3.0	52583		4.0	52475	2.0		51837	4.0		
31 aug  ons			86425	10.0		90352	11.0		54128	7.0			54259			8.0		87678	10.0	87569	10.0	51800	3.0	52588		5.0	52478	3.0		51842	5.0		
01 sep  tor			86436	11.0		90363	11.0		54135	7.0			54265			6.0		87688	10.0	87579	10.0	51804	4.0	52592		4.0	52482	4.0		51846	4.0		
02 sep  fre			86447	11.0		90373	10.0		54138	3.0			54268			3.0		87698	10.0	87589	10.0	51809	5.0	52597		5.0	52487	5.0		51851	5.0		
03 sep  lør			86457	10.0		90382	9.0		54141	3.0			54270			2.0		87706	8.0	87598	9.0	51814	5.0	52603		6.0	52492	5.0		51857	6.0		
04 sep  søn			86463	6.0		90388	6.0		54143	2.0			54273			3.0		87712	6.0	87603	5.0	51821	7.0	52611		8.0	52499	7.0		51865	8.0		
05 sep  man			86470	7.0		90395	7.0		54145	2.0			54275			2.0		87718	6.0	87610	7.0	51828	7.0	52617		6.0	52506	7.0		51871	6.0		
06 sep  tir			86478	8.0		90404	9.0		54148	3.0			54277			2.0		87725	7.0	87618	8.0	51832	4.0	52623		6.0	52510	4.0		51877	6.0		
07 sep  ons			86487	9.0		90414	10.0		54151	3.0			54280			3.0		87733	8.0	87627	9.0	51837	5.0	52628		5.0	52515	5.0		51882	5.0		
08 sep  tor			86498	11.0		90424	10.0		54155	4.0			54285			5.0		87742	9.0	87636	9.0	51841	4.0	52633		5.0	52520	5.0		51887	5.0		
09 sep  fre			86507	9.0		90433	9.0		54161	6.0			54291			6.0		87751	9.0	87645	9.0	51846	5.0	52638		5.0	52524	4.0		51892	5.0		
10 sep  lør			86516	9.0		90441	8.0		54164	3.0			54294			3.0		87760	9.0	87653	8.0	51851	5.0	52644		6.0	52530	6.0		51898	6.0		
11 sep  søn			86524	8.0		90449	8.0		54167	3.0			54296			2.0		87767	7.0	87660	7.0	51857	6.0	52650		6.0	52535	5.0		51904	6.0		
12 sep  man			86535	11.0		90459	10.0		54170	3.0			54300			4.0		87776	9.0	87669	9.0	51861	4.0	52656		6.0	52540	5.0		51910	6.0		
13 sep  tir			86544	9.0		90468	9.0		54178	8.0			54307			7.0		87786	10.0	87678	9.0	51867	5.0	52661		5.0	52545	5.0		51915	5.0		
14 sep  ons			86554	10.0		90478	10.0		54187	9.0			54316			9.0		87795	9.0	87688	10.0	51871	4.0	52665		4.0	52549	4.0		51919	4.0		
15 sep  tor			86564	10.0		90488	10.0		54194	7.0			54324			8.0		87805	10.0	87698	10.0	51875	4.0	52669		4.0	52554	5.0		51923	4.0		
16 sep  fre			86576	12.0		90499	11.0		54204	10.0			54334			10.0		87817	12.0	87709	11.0	51879	4.0	52673		4.0	52557	3.0		51928	5.0		
17 sep  lør			86584	8.0		90508	9.0		54209	5.0			54338			4.0		87825	8.0	87718	9.0	51884	5.0	52678		5.0	52563	6.0		51933	5.0		
18 sep  søn			86595	11.0		90516	8.0		54211	2.0			54340			2.0		87835	10.0	87725	7.0	51889	5.0	52684		6.0	52567	4.0		51938	5.0		
19 sep  man			86608	13.0		90527	11.0		54213	2.0			54343			3.0		87844	9.0	87735	10.0	51892	3.0	52687		3.0	52570	3.0		51941	3.0		
20 sep  tir			86618	10.0		90537	10.0		54215	2.0			54345			2.0		87854	10.0	87745	10.0	51897	5.0	52692		5.0	52575	5.0		51946	5.0		
21 sep  ons			86628	10.0		90547	10.0		54218	3.0			54347			2.0		87865	11.0	87756	11.0	51902	5.0	52698		6.0	52580	5.0		51952	6.0		
22 sep  tor			86638	10.0		90557	10.0		54220	2.0			54349			2.0		87874	9.0	87765	9.0	51907	5.0	52703		5.0	52585	5.0		51957	5.0		
23 sep  fre			86647	9.0		90566	9.0		54223	3.0			54352			3.0		87883	9.0	87774	9.0	51912	5.0	52709		6.0	52591	6.0		51963	6.0		
24 sep  lør			86655	8.0		90574	8.0		54226	3.0			54355			3.0		87891	8.0	87782	8.0	51922	10.0	52711		2.0	52597	6.0		51969	6.0		
25 sep  søn			86662	7.0		90581	7.0		54228	2.0			54357			2.0		87898	7.0	87789	7.0	51936	14.0	52711		0.0	52603	6.0		51976	7.0		
26 sep  man			86671	9.0		90590	9.0		54230	2.0			54359			2.0		87907	9.0	87798	9.0	51942	6.0	52717		6.0	52609	6.0		51982	6.0		
27 sep  tir			86679	8.0		90598	8.0		54236	6.0			54364			5.0		87915	8.0	87806	8.0	51950	8.0	52719		2.0	52615	6.0		51986	4.0		
28 sep  ons			86688	9.0		90607	9.0		54244	8.0			54373			9.0		87924	9.0	87815	9.0	51954	4.0	52719		0.0	52618	3.0		51990	4.0		
29 sep  tor			86698	10.0		90617	10.0		54252	8.0			54380			7.0		87934	10.0	87825	10.0	51958	4.0	52719		0.0	52623	5.0		51995	5.0		
30 sep  fre			86706	8.0		90625	8.0		54255	3.0			54384			4.0		87943	9.0	87833	8.0	51963	5.0	52719		0.0	52628	5.0		52001	6.0		
01 okt  lør			86715	9.0		90634	9.0		54260	5.0			54388			4.0		87951	8.0	87842	9.0	51968	5.0	52719		0.0	52633	5.0		52007	6.0		
02 okt  søn			86722	7.0		90641	7.0		54262	2.0			54391			3.0		87958	7.0	87849	7.0	51975	7.0	52719		0.0	52640	7.0		52014	7.0		
03 okt  man			86728	6.0		90647	6.0		54264	2.0			54393			2.0		87965	7.0	87855	6.0	51982	7.0	52719		0.0	52647	7.0		52021	7.0		
04 okt  tir			86735	7.0		90654	7.0		54267	3.0			54396			3.0		87972	7.0	87862	7.0	51988	6.0	52719		0.0	52653	6.0		52028	7.0		
05 okt  ons			86744	9.0		90663	9.0		54273	6.0			54401			5.0		87980	8.0	87871	9.0	51993	5.0	52719		0.0	52657	4.0		52034	6.0		
06 okt  tor			86753	9.0		90672	9.0		54280	7.0			54409			8.0		87989	9.0	87880	9.0	51996	3.0	52719		0.0	52661	4.0		52039	5.0		
07 okt  fre			86762	9.0		90681	9.0		54287	7.0			54417			8.0		87998	9.0	87889	9.0	52000	4.0	52719		0.0	52665	4.0		52043	4.0		
08 okt  lør			86771	9.0		90689	8.0		54290	3.0			54420			3.0		88007	9.0	87897	8.0	52006	6.0	52719		0.0	52670	5.0		52048	5.0		
09 okt  søn			86778	7.0		90697	8.0		54293	3.0			54423			3.0		88015	8.0	87905	8.0	52012	6.0	52719		0.0	52677	7.0		52054	6.0		
10 okt  man			86786	8.0		90704	7.0		54296	3.0			54426			3.0		88022	7.0	87912	7.0	52018	6.0	52719		0.0	52682	5.0		52061	7.0		
11 okt  tir			86793	7.0		90712	8.0		54300	4.0			54430			4.0		88029	7.0	87920	8.0	52023	5.0	52719		0.0	52688	6.0		52066	5.0		
12 okt  ons			86802	9.0		90720	8.0		54303	3.0			54434			4.0		88038	9.0	87928	8.0	52028	5.0	52719		0.0	52693	5.0		52072	6.0		
13 okt  tor			86811	9.0		90729	9.0		54307	4.0			54438			4.0		88047	9.0	87937	9.0	52033	5.0	52719		0.0	52698	5.0		52077	5.0		
14 okt  fre			86819	8.0		90738	9.0		54310	3.0			54441			3.0		88056	9.0	87946	9.0	52039	6.0	52719		0.0	52703	5.0		52083	6.0		
15 okt  lør			86829	10.0		90747	9.0		54314	4.0			54444			3.0		88065	9.0	87955	9.0	52044	5.0	52719		0.0	52708	5.0		52088	5.0		
16 okt  søn			86834	5.0		90752	5.0		54316	2.0			54447			3.0		88070	5.0	87961	6.0	52051	7.0	52719		0.0	52716	8.0		52096	8.0		
17 okt  man			86841	7.0		90760	8.0		54318	2.0			54449			2.0		88078	8.0	87968	7.0	52057	6.0	52719		0.0	52722	6.0		52103	7.0		
18 okt  tir			86851	10.0		90769	9.0		54323	5.0			54454			5.0		88087	9.0	87977	9.0	52062	5.0	52719		0.0	52727	5.0		52108	5.0		
19 okt  ons			86859	8.0		90777	8.0		54327	4.0			54457			3.0		88095	8.0	87985	8.0	52068	6.0	52719		0.0	52732	5.0		52114	6.0		
20 okt  tor			86866	7.0		90784	7.0		54330	3.0			54460			3.0		88102	7.0	87992	7.0	52074	6.0	52719		0.0	52738	6.0		52120	6.0		
21 okt  fre			86874	8.0		90792	8.0		54333	3.0			54464			4.0		88110	8.0	88000	8.0	52080	6.0	52719		0.0	52745	7.0		52125	5.0		
22 okt  lør			86879	5.0		90798	6.0		54336	3.0			54467			3.0		88116	6.0	88006	6.0	52086	6.0	52719		0.0	52751	6.0		52133	8.0		
23 okt  søn			86886	7.0		90804	6.0		54338	2.0			54469			2.0		88122	6.0	88012	6.0	52092	6.0	52719		0.0	52757	6.0		52141	8.0		
24 okt  man			86892	6.0		90810	6.0		54341	3.0			54472			3.0		88128	6.0	88018	6.0	52099	6.0	52719		0.0	52763	6.0		52148	7.0		
25 okt  tir			86898	6.0		90816	6.0		54344	3.0			54474			2.0		88134	6.0	88024	6.0	52105	6.0	52719		0.0	52770	7.0		52155	7.0		
26 okt  ons			86907	9.0		90825	9.0		54346	2.0			54477			3.0		88144	10.0	88034	10.0	52110	5.0	52719		0.0	52775	5.0		52160	5.0		
27 okt  tor			86914	7.0		90832	7.0		54349	3.0			54480			3.0		88150	6.0	88040	6.0	52117	7.0	52719		0.0	52781	6.0		52167	7.0		
28 okt  fre			86923	9.0		90841	9.0		54352	3.0			54482			2.0		88159	9.0	88049	9.0	52122	5.0	52719		0.0	52786	5.0		52173	6.0		
29 okt  lør			86931	8.0		90849	8.0		54355	3.0			54485			3.0		88167	8.0	88057	8.0	52128	6.0	52719		0.0	52792	6.0		52179	6.0		
30 okt  søn			86939	8.0		90857	8.0		54358	3.0			54488			3.0		88175	8.0	88065	8.0	52133	5.0	52719		0.0	52798	6.0		52185	6.0		
31 okt  man			86947	8.0		90865	8.0		54360	2.0			54491			3.0		88183	8.0	88073	8.0	52139	6.0	52719		0.0	52804	6.0		52192	7.0		
01 nov  tir			86956	9.0		90874	9.0		54363	3.0			54494			3.0		88192	9.0	88082	9.0	52144	5.0	52719		0.0	52808	4.0		52198	6.0		
02 nov  ons			86965	9.0		90883	9.0		54366	3.0			54497			3.0		88202	10.0	88091	9.0	52149	5.0	52719		0.0	52813	5.0		52203	5.0		
03 nov  tor			86975	10.0		90893	10.0		54370	4.0			54500			3.0		88211	9.0	88101	10.0	52153	4.0	52719		0.0	52818	5.0		52208	5.0		
04 nov  fre			86983	8.0		90900	7.0		54373	3.0			54503			3.0		88219	8.0	88108	7.0	52159	6.0	52719		0.0	52823	5.0		52214	6.0		
05 nov  lør			86990	7.0		90907	7.0		54375	2.0			54506			3.0		88226	7.0	88115	7.0	52165	6.0	52719		0.0	52829	6.0		52221	7.0		
06 nov  søn			86995	5.0		90913	6.0		54377	2.0			54508			2.0		88232	6.0	88121	6.0	52172	7.0	52719		0.0	52837	8.0		52229	8.0		
07 nov  man			87002	7.0		90920	7.0		54379	2.0			54510			2.0		88239	7.0	88128	7.0	52179	7.0	52719		0.0	52844	7.0		52235	6.0		
08 nov  tir			87010	8.0		90928	8.0		54382	3.0			54513			3.0		88246	7.0	88136	8.0	52185	6.0	52719		0.0	52850	6.0		52242	7.0		
09 nov  ons			87020	10.0		90937	9.0		54385	3.0			54515			2.0		88256	10.0	88145	9.0	52190	5.0	52719		0.0	52855	5.0		52247	5.0		
10 nov  tor			87029	9.0		90947	10.0		54387	2.0			54518			3.0		88265	9.0	88155	10.0	52196	6.0	52719		0.0	52860	5.0		52252	5.0		
11 nov  fre			87037	8.0		90954	7.0		54390	3.0			54521			3.0		88273	8.0	88162	7.0	52201	5.0	52719		0.0	52866	6.0		52259	7.0		
12 nov  lør			87044	7.0		90962	8.0		54393	3.0			54524			3.0		88280	7.0	88170	8.0	52207	6.0	52719		0.0	52871	5.0		52265	6.0		
13 nov  søn			87051	7.0		90969	7.0		54396	3.0			54527			3.0		88287	7.0	88177	7.0	52212	5.0	52719		0.0	52877	6.0		52272	7.0		
14 nov  man			87061	10.0		90978	9.0		54399	3.0			54529			2.0		88297	10.0	88186	9.0	52217	5.0	52719		0.0	52882	5.0		52277	5.0		
15 nov  tir			87067	6.0		90984	6.0		54402	3.0			54533			4.0		88303	6.0	88192	6.0	52222	5.0	52719		0.0	52887	5.0		52284	7.0		
16 nov  ons			87075	8.0		90993	9.0		54405	3.0			54536			3.0		88312	9.0	88201	9.0	52227	5.0	52719		0.0	52891	4.0		52289	5.0		
17 nov  tor			87083	8.0		91001	8.0		54410	5.0			54541			5.0		88320	8.0	88209	8.0	52231	4.0	52719		0.0	52895	4.0		52294	5.0		
18 nov  fre			87089	6.0		91006	5.0		54414	4.0			54545			4.0		88325	5.0	88214	5.0	52235	4.0	52719		0.0	52899	4.0		52299	5.0		
19 nov  lør			87093	4.0		91010	4.0		54417	3.0			54548			3.0		88329	4.0	88218	4.0	52241	6.0	52719		0.0	52906	6.0		52306	7.0		
20 nov  søn			87098	5.0		91015	5.0		54421	4.0			54551			3.0		88334	5.0	88223	5.0	52247	6.0	52719		0.0	52912	6.0		52313	7.0		
21 nov  man			87104	6.0		91022	7.0		54424	3.0			54555			4.0		88341	7.0	88229	6.0	52252	5.0	52719		0.0	52916	4.0		52319	6.0		
22 nov  tir			87110	6.0		91027	5.0		54428	4.0			54559			4.0		88346	5.0	88235	6.0	52256	4.0	52723		4.0	52921	5.0		52325	6.0		
23 nov  ons			87117	7.0		91034	7.0		54432	4.0			54563			4.0		88353	7.0	88242	7.0	52262	6.0	52729		6.0	52926	5.0		52331	6.0		
24 nov  tor			87124	7.0		91041	7.0		54436	4.0			54567			4.0		88360	7.0	88249	7.0	52267	5.0	52735		6.0	52931	5.0		52337	6.0		
25 nov  fre			87131	7.0		91048	7.0		54439	3.0			54569			2.0		88367	7.0	88255	6.0	52273	6.0	52742		7.0	52937	6.0		52344	7.0		
26 nov  lør			87137	6.0		91054	6.0		54441	2.0			54572			3.0		88373	6.0	88262	7.0	52279	6.0	52748		6.0	52944	7.0		52351	7.0		
27 nov  søn			87144	7.0		91061	7.0		54444	3.0			54575			3.0		88380	7.0	88268	6.0	52285	6.0	52756		8.0	52949	5.0		52358	7.0		
28 nov  man			87151	7.0		91068	7.0		54448	4.0			54578			3.0		88387	7.0	88276	8.0	52290	5.0	52762		6.0	52955	6.0		52364	6.0		
29 nov  tir			87158	7.0		91074	6.0		54451	3.0			54582			4.0		88394	7.0	88282	6.0	52296	6.0	52769		7.0	52960	5.0		52371	7.0		
30 nov  ons			87167	9.0		91084	10.0		54453	2.0			54584			2.0		88403	9.0	88292	10.0	52301	5.0	52775		6.0	52966	6.0		52377	6.0		
01 dec  tor			87173	6.0		91090	6.0		54457	4.0			54587			3.0		88410	7.0	88298	6.0	52307	6.0	52781		6.0	52972	6.0		52383	6.0		
02 dec  fre			87180	7.0		91097	7.0		54459	2.0			54589			2.0		88416	6.0	88305	7.0	52314	7.0	52788		7.0	52979	7.0		52390	7.0		
03 dec  lør			87186	6.0		91103	6.0		54461	2.0			54591			2.0		88422	6.0	88311	6.0	52322	8.0	52795		7.0	52986	7.0		52397	7.0		
04 dec  søn			87193	7.0		91110	7.0		54463	2.0			54593			2.0		88429	7.0	88318	7.0	52329	7.0	52803		8.0	52993	7.0		52405	8.0		
05 dec  man			87201	8.0		91117	7.0		54465	2.0			54595			2.0		88437	8.0	88325	7.0	52335	6.0	52810		7.0	53000	7.0		52412	7.0		
06 dec  tir			87209	8.0		91125	8.0		54467	2.0			54597			2.0		88445	8.0	88333	8.0	52342	7.0	52816		6.0	53007	7.0		52418	6.0		
07 dec  ons			87218	9.0		91135	10.0		54469	2.0			54599			2.0		88454	9.0	88342	9.0	52348	6.0	52822		6.0	53012	5.0		52424	6.0		
08 dec  tor			87226	8.0		91143	8.0		54471	2.0			54601			2.0		88462	8.0	88351	9.0	52354	6.0	52828		6.0	53019	7.0		52430	6.0		
09 dec  fre			87237	11.0		91154	11.0		54473	2.0			54604			3.0		88473	11.0	88362	11.0	52360	6.0	52832		4.0	53025	6.0		52434	4.0		
10 dec  lør			87245	8.0		91161	7.0		54476	3.0			54606			2.0		88481	8.0	88369	7.0	52367	7.0	52838		6.0	53032	7.0		52441	7.0		
11 dec  søn			87253	8.0		91169	8.0		54478	2.0			54608			2.0		88489	8.0	88377	8.0	52373	6.0	52845		7.0	53038	6.0		52447	6.0		
12 dec  man			87260	7.0		91176	7.0		54480	2.0			54610			2.0		88496	7.0	88384	7.0	52380	7.0	52852		7.0	53045	7.0		52454	7.0		
13 dec  tir			87268	8.0		91185	9.0		54482	2.0			54613			3.0		88504	8.0	88393	9.0	52387	7.0	52857		5.0	53051	6.0		52460	6.0		
14 dec  ons			87276	8.0		91192	7.0		54484	2.0			54615			2.0		88512	8.0	88400	7.0	52394	7.0	52864		7.0	53058	7.0		52466	6.0		
15 dec  tor			87283	7.0		91200	8.0		54486	2.0			54617			2.0		88519	7.0	88408	8.0	52400	6.0	52871		7.0	53065	7.0		52473	7.0		
16 dec  fre			87291	8.0		91207	7.0		54488	2.0			54619			2.0		88527	8.0	88415	7.0	52408	8.0	52877		6.0	53072	7.0		52479	6.0		
17 dec  lør			87299	8.0		91215	8.0		54490	2.0			54621			2.0		88535	8.0	88423	8.0	52414	6.0	52883		6.0	53078	6.0		52485	6.0		
18 dec  søn			87305	6.0		91221	6.0		54492	2.0			54623			2.0		88541	6.0	88429	6.0	52421	7.0	52891		8.0	53086	8.0		52493	8.0		
19 dec  man			87311	6.0		91228	7.0		54494	2.0			54625			2.0		88548	7.0	88436	7.0	52429	8.0	52898		7.0	53093	7.0		52500	7.0		
20 dec  tir			87319	8.0		91235	7.0		54496	2.0			54627			2.0		88555	7.0	88443	7.0	52435	6.0	52905		7.0	53099	6.0		52507	7.0		
21 dec  ons			87327	8.0		91244	9.0		54498	2.0			54629			2.0		88563	8.0	88452	9.0	52441	6.0	52911		6.0	53105	6.0		52513	6.0		
22 dec  tor			87338	11.0		91254	10.0		54502	4.0			54633			4.0		88574	11.0	88462	10.0	52446	5.0	52916		5.0	53111	6.0		52518	5.0		
23 dec  fre			87344	6.0		91261	7.0		54504	2.0			54635			2.0		88581	7.0	88469	7.0	52453	7.0	52923		7.0	53118	7.0		52526	8.0		
24 dec  lør			87350	5.0		91267	6.0		54506	2.0			54637			2.0		88586	5.0	88475	6.0	52460	7.0	52931		8.0	53125	7.0		52533	7.0		
25 dec  søn			87355	5.0		91272	5.0		54508	2.0			54639			2.0		88591	5.0	88480	5.0	52468	8.0	52939		8.0	53133	8.0		52541	8.0		
26 dec  man			87362	7.0		91278	6.0		54510	2.0			54641			2.0		88598	7.0	88486	6.0	52474	6.0	52947		8.0	53139	6.0		52549	8.0		
27 dec  tir			87367	5.0		91284	6.0		54512	2.0			54643			2.0		88603	5.0	88492	6.0	52482	8.0	52954		7.0	53147	8.0		52557	8.0		
28 dec  ons			87374	7.0		91290	6.0		54514	2.0			54645			2.0		88610	7.0	88498	6.0	52489	7.0	52962		8.0	53154	7.0		52564	7.0		
29 dec  tor			87381	7.0		91297	7.0		54517	3.0			54648			3.0		88617	7.0	88505	7.0	52496	7.0	52968		6.0	53161	7.0		52570	6.0		
30 dec  fre			87388	7.0		91304	7.0		54519	2.0			54650			2.0		88624	7.0	88512	7.0	52503	7.0	52975		7.0	53168	7.0		52577	7.0		
31 dec  lør			87395	7.0		91311	7.0		54522	3.0			54652			2.0		88631	7.0	88519	7.0	52511	8.0	52981		6.0	53175	7.0		52583	6.0		
01 jan  søn			87402	7.0		91318	7.0		54524	2.0			54654			2.0		88638	7.0	88526	7.0	52517	6.0	52988		7.0	53182	7.0		52590	7.0		
02 jan  man			87408	6.0		91324	6.0		54526	2.0			54657			3.0		88644	6.0	88532	6.0	52525	8.0	52995		7.0	53189	7.0		52597	7.0		
03 jan  tir			87417	9.0		91333	9.0		54528	2.0			54659			2.0		88653	9.0	88541	9.0	52531	6.0	53000		5.0	53195	6.0		52602	5.0		
04 jan  ons			87425	8.0		91341	8.0		54531	3.0			54661			2.0		88661	8.0	88549	8.0	52537	6.0	53007		7.0	53202	7.0		52609	7.0		
05 jan  tor			87434	9.0		91350	9.0		54533	2.0			54664			3.0		88670	9.0	88558	9.0	52543	6.0	53013		6.0	53207	5.0		52615	6.0		
06 jan  fre			87442	8.0		91358	8.0		54535	2.0			54666			2.0		88678	8.0	88567	9.0	52550	7.0	53018		5.0	53214	7.0		52620	5.0		
07 jan  lør			87450	8.0		91366	8.0		54537	2.0			54668			2.0		88686	8.0	88574	7.0	52556	6.0	53025		7.0	53220	6.0		52628	8.0		
08 jan  søn			87456	6.0		91372	6.0		54539	2.0			54670			2.0		88692	6.0	88581	7.0	52563	7.0	53032		7.0	53228	8.0		52635	7.0		
09 jan  man			87464	8.0		91380	8.0		54541	2.0			54672			2.0		88700	8.0	88588	7.0	52570	7.0	53040		8.0	53234	6.0		52642	7.0		
10 jan  tir			87472	8.0		91388	8.0		54543	2.0			54674			2.0		88708	8.0	88596	8.0	52576	6.0	53045		5.0	53241	7.0		52647	5.0		
11 jan  ons			87480	8.0		91396	8.0		54546	3.0			54677			3.0		88716	8.0	88604	8.0	52582	6.0	53052		7.0	53246	5.0		52654	7.0		
12 jan  tor			87487	7.0		91403	7.0		54548	2.0			54679			2.0		88723	7.0	88611	7.0	52588	6.0	53059		7.0	53253	7.0		52661	7.0		
13 jan  fre			87494	7.0		91410	7.0		54550	2.0			54681			2.0		88730	7.0	88618	7.0	52596	8.0	53066		7.0	53260	7.0		52668	7.0		
14 jan  lør			87500	6.0		91417	7.0		54552	2.0			54683			2.0		88737	7.0	88625	7.0	52603	7.0	53073		7.0	53268	8.0		52675	7.0		
15 jan  søn			87506	6.0		91423	6.0		54554	2.0			54685			2.0		88743	6.0	88631	6.0	52611	8.0	53080		7.0	53275	7.0		52682	7.0		
16 jan  man			87514	8.0		91430	7.0		54557	3.0			54687			2.0		88750	7.0	88638	7.0	52618	7.0	53087		7.0	53282	7.0		52689	7.0		
17 jan  tir			87522	8.0		91438	8.0		54559	2.0			54689			2.0		88758	8.0	88646	8.0	52624	6.0	53093		6.0	53288	6.0		52695	6.0		
18 jan  ons			87529	7.0		91446	8.0		54561	2.0			54692			3.0		88765	7.0	88653	7.0	52630	6.0	53099		6.0	53294	6.0		52701	6.0		
19 jan  tor			87537	8.0		91453	7.0		54564	3.0			54695			3.0		88773	8.0	88661	8.0	52636	6.0	53105		6.0	53301	7.0		52707	6.0		
20 jan  fre			87544	7.0		91460	7.0		54567	3.0			54697			2.0		88780	7.0	88668	7.0	52642	6.0	53111		6.0	53307	6.0		52713	6.0		
21 jan  lør			87551	7.0		91467	7.0		54569	2.0			54700			2.0		88787	7.0	88675	7.0	52649	7.0	53117		6.0	53314	7.0		52720	7.0		
22 jan  søn			87558	7.0		91474	7.0		54572	3.0			54702			2.0		88794	7.0	88682	7.0	52656	7.0	53125		8.0	53320	6.0		52727	7.0		
23 jan  man			87566	8.0		91482	8.0		54574	2.0			54705			3.0		88802	8.0	88690	8.0	52662	6.0	53131		6.0	53326	6.0		52733	6.0		
24 jan  tir			87574	8.0		91490	8.0		54577	3.0			54708			3.0		88810	8.0	88697	7.0	52668	6.0	53136		5.0	53332	6.0		52738	5.0		
25 jan  ons			87581	7.0		91497	7.0		54581	4.0			54711			3.0		88817	7.0	88705	8.0	52674	6.0	53141		5.0	53338	6.0		52743	5.0		
26 jan  tor			87589	8.0		91505	8.0		54584	3.0			54714			3.0		88825	8.0	88713	8.0	52679	5.0	53146		5.0	53344	6.0		52749	6.0		
27 jan  fre			87599	10.0		91515	10.0		54586	2.0			54717			3.0		88835	10.0	88723	10.0	52684	5.0	53152		6.0	53348	4.0		52754	5.0		
28 jan  lør			87606	7.0		91522	7.0		54589	3.0			54719			2.0		88842	7.0	88730	7.0	52691	7.0	53158		6.0	53355	7.0		52760	6.0		
29 jan  søn			87614	8.0		91530	8.0		54591	2.0			54721			2.0		88850	8.0	88738	8.0	52697	6.0	53165		7.0	53361	6.0		52767	7.0		
30 jan  man			87622	8.0		91537	7.0		54593	2.0			54723			2.0		88858	8.0	88745	7.0	52703	6.0	53171		6.0	53368	7.0		52773	6.0		
31 jan  tir			87628	6.0		91544	7.0		54596	3.0			54726			3.0		88864	6.0	88752	7.0	52710	7.0	53178		7.0	53375	7.0		52780	7.0		
01 feb  ons			87637	9.0		91553	9.0		54598	2.0			54728			2.0		88873	9.0	88761	9.0	52715	5.0	53183		5.0	53380	5.0		52786	6.0		
02 feb  tor			87645	8.0		91561	8.0		54601	3.0			54731			3.0		88882	9.0	88769	8.0	52721	6.0	53189		6.0	53386	6.0		52792	6.0		
03 feb  fre			87653	8.0		91569	8.0		54604	3.0			54734			3.0		88889	7.0	88777	8.0	52727	6.0	53196		7.0	53392	6.0		52798	6.0		
04 feb  lør			87660	7.0		91576	7.0		54606	2.0			54736			2.0		88896	7.0	88784	7.0	52733	6.0	53203		7.0	53398	6.0		52805	7.0		
05 feb  søn			87670	10.0		91585	9.0		54609	3.0			54739			3.0		88906	10.0	88793	9.0	52739	6.0	53208		5.0	53403	5.0		52810	5.0		
06 feb  man			87675	5.0		91591	6.0		54611	2.0			54741			2.0		88911	5.0	88799	6.0	52747	8.0	53216		8.0	53411	8.0		52818	8.0		
07 feb  tir			87683	8.0		91598	7.0		54613	2.0			54743			2.0		88919	8.0	88806	7.0	52753	6.0	53222		6.0	53417	6.0		52824	6.0		
08 feb  ons			87691	8.0		91606	8.0		54616	3.0			54746			3.0		88927	8.0	88814	8.0	52759	6.0	53228		6.0	53423	6.0		52830	6.0		
09 feb  tor			87699	8.0		91615	9.0		54618	2.0			54748			2.0		88935	8.0	88823	9.0	52765	6.0	53234		6.0	53429	6.0		52836	6.0		
10 feb  fre			87707	8.0		91622	7.0		54621	3.0			54751			3.0		88943	8.0	88830	7.0	52771	6.0	53240		6.0	53435	6.0		52842	6.0		
11 feb  lør			87714	7.0		91629	7.0		54623	2.0			54753			2.0		88950	7.0	88837	7.0	52778	7.0	53247		7.0	53442	7.0		52849	7.0		
12 feb  søn			87721	7.0		91636	7.0		54626	3.0			54755			2.0		88957	7.0	88844	7.0	52784	6.0	53254		7.0	53449	7.0		52856	7.0		
13 feb  man			87728	7.0		91643	7.0		54628	2.0			54758			3.0		88964	7.0	88851	7.0	52791	7.0	53260		6.0	53455	6.0		52862	6.0		
14 feb  tir			87735	7.0		91651	8.0		54631	3.0			54761			3.0		88971	7.0	88859	8.0	52797	6.0	53266		6.0	53461	6.0		52868	6.0		
15 feb  ons			87743	8.0		91658	7.0		54634	3.0			54763			2.0		88979	8.0	88866	7.0	52803	6.0	53272		6.0	53468	7.0		52874	6.0		
16 feb  tor			87751	8.0		91666	8.0		54637	3.0			54767			4.0		88987	8.0	88874	8.0	52808	5.0	53278		6.0	53473	5.0		52880	6.0		
17 feb  fre			87759	8.0		91674	8.0		54640	3.0			54770			3.0		88994	7.0	88882	8.0	52814	6.0	53284		6.0	53478	5.0		52886	6.0		
18 feb  lør			87765	6.0		91680	6.0		54643	3.0			54773			3.0		89001	7.0	88888	6.0	52820	6.0	53291		7.0	53484	6.0		52893	7.0		
19 feb  søn			87772	7.0		91687	7.0		54646	3.0			54775			2.0		89008	7.0	88895	7.0	52826	6.0	53298		7.0	53490	6.0		52900	7.0		
20 feb  man			87780	8.0		91695	8.0		54649	3.0			54778			3.0		89016	8.0	88903	8.0	52831	5.0	53303		5.0	53496	6.0		52905	5.0		
21 feb  tir			87793	13.0		91708	13.0		54651	2.0			54780			2.0		89029	13.0	88916	13.0	52835	4.0	53307		4.0	53499	3.0		52909	4.0		
22 feb  ons			87801	8.0		91716	7.0		54654	3.0			54784			4.0		89037	8.0	88924	8.0	52841	6.0	53312		5.0	53506	7.0		52914	5.0		
23 feb  tor			87808	7.0		91723	7.0		54657	3.0			54786			2.0		89044	7.0	88930	6.0	52848	7.0	53319		7.0	53512	6.0		52921	7.0		
24 feb  fre			87814	6.0		91729	6.0		54660	3.0			54789			3.0		89050	6.0	88936	6.0	52855	7.0	53325		6.0	53520	8.0		52927	6.0		
25 feb  lør			87820	6.0		91735	6.0		54662	2.0			54791			2.0		89056	6.0	88943	7.0	52861	6.0	53332		7.0	53526	6.0		52935	8.0		
26 feb  søn			87826	6.0		91741	6.0		54665	3.0			54794			3.0		89062	6.0	88949	6.0	52868	7.0	53339		7.0	53533	7.0		52941	6.0		
27 feb  man			87834	8.0		91749	8.0		54668	3.0			54798			4.0		89070	8.0	88957	8.0	52874	6.0	53345		6.0	53539	6.0		52947	6.0		
28 feb  tir			87842	8.0		91757	8.0		54671	3.0			54801			3.0		89078	8.0	88964	7.0	52880	6.0	53351		6.0	53544	5.0		52953	6.0		
01 mar  ons			87851	9.0		91766	9.0		54674	3.0			54804			3.0		89087	9.0	88974	10.0	52885	5.0	53356		5.0	53549	5.0		52958	5.0		
02 mar  tor			87860	9.0		91775	9.0		54677	3.0			54807			3.0		89096	9.0	88982	8.0	52890	5.0	53361		5.0	53554	5.0		52964	6.0		
03 mar  fre			87869	9.0		91784	9.0		54680	3.0			54810			3.0		89105	9.0	88991	9.0	52895	5.0	53367		6.0	53560	6.0		52969	5.0		
04 mar  lør			87877	8.0		91792	8.0		54683	3.0			54813			3.0		89113	8.0	89000	9.0	52901	6.0	53372		5.0	53565	5.0		52974	5.0		
05 mar  søn			87884	7.0		91798	6.0		54686	3.0			54816			3.0		89120	7.0	89006	6.0	52907	6.0	53379		7.0	53571	6.0		52981	7.0		
06 mar  man			87891	7.0		91806	8.0		54690	4.0			54819			3.0		89127	7.0	89013	7.0	52912	5.0	53385		6.0	53577	6.0		52987	6.0		
07 mar  tir			87900	9.0		91814	8.0		54693	3.0			54822			3.0		89136	9.0	89022	9.0	52918	6.0	53390		5.0	53582	5.0		52992	5.0		
08 mar  ons			87910	10.0		91824	10.0		54697	4.0			54826			4.0		89145	9.0	89032	10.0	52922	4.0	53395		5.0	53587	5.0		52997	5.0		
09 mar  tor			87919	9.0		91834	10.0		54701	4.0			54830			4.0		89155	10.0	89041	9.0	52927	5.0	53399		4.0	53591	4.0		53001	4.0		
10 mar  fre			87927	8.0		91842	8.0		54704	3.0			54834			4.0		89163	8.0	89049	8.0	52932	5.0	53404		5.0	53596	5.0		53006	5.0		
11 mar  lør			87935	8.0		91850	8.0		54707	3.0			54837			3.0		89171	8.0	89057	8.0	52938	6.0	53409		5.0	53602	6.0		53012	6.0		
12 mar  søn			87942	7.0		91857	7.0		54710	3.0			54840			3.0		89178	7.0	89065	8.0	52944	6.0	53415		6.0	53608	6.0		53018	6.0		
13 mar  man			87950	8.0		91864	7.0		54713	3.0			54843			3.0		89185	7.0	89072	7.0	52949	5.0	53421		6.0	53614	6.0		53023	5.0		
14 mar  tir			87958	8.0		91873	9.0		54717	4.0			54847			4.0		89194	9.0	89081	9.0	52954	5.0	53426		5.0	53619	5.0		53029	6.0		
15 mar  ons			87967	9.0		91881	8.0		54721	4.0			54851			4.0		89202	8.0	89089	8.0	52959	5.0	53431		5.0	53624	5.0		53033	4.0		
16 mar  tor			87976	9.0		91891	10.0		54725	4.0			54855			4.0		89212	10.0	89098	9.0	52964	5.0	53435		4.0	53629	5.0		53037	4.0		
17 mar  fre			87985	9.0		91900	9.0		54730	5.0			54860			5.0		89221	9.0	89108	10.0	52969	5.0	53440		5.0	53634	5.0		53042	5.0		
18 mar  lør			87990	5.0		91905	5.0		54733	3.0			54863			3.0		89226	5.0	89113	5.0	52976	7.0	53447		7.0	53640	6.0		53049	7.0		
19 mar  søn			87996	6.0		91911	6.0		54736	3.0			54866			3.0		89232	6.0	89119	6.0	52982	6.0	53454		7.0	53647	7.0		53056	7.0		
20 mar  man			88002	6.0		91917	6.0		54739	3.0			54869			3.0		89238	6.0	89125	6.0	52989	7.0	53461		7.0	53653	6.0		53063	7.0		
21 mar  tir			88008	6.0		91923	6.0		54742	3.0			54872			3.0		89244	6.0	89131	6.0	52995	6.0	53468		7.0	53660	7.0		53070	7.0		
22 mar  ons			88016	8.0		91931	8.0		54745	3.0			54875			3.0		89251	7.0	89138	7.0	53001	6.0	53474		6.0	53665	5.0		53076	6.0		
23 mar  tor			88024	8.0		91940	9.0		54748	3.0			54878			3.0		89260	9.0	89147	9.0	53006	5.0	53479		5.0	53671	6.0		53081	5.0		
24 mar  fre			88033	9.0		91948	8.0		54753	5.0			54883			5.0		89268	8.0	89156	9.0	53012	6.0	53484		5.0	53676	5.0		53086	5.0		
25 mar  lør			88040	7.0		91956	8.0		54756	3.0			54886			3.0		89276	8.0	89163	7.0	53017	5.0	53490		6.0	53682	6.0		53092	6.0		
26 mar  søn			88048	8.0		91963	7.0		54759	3.0			54889			3.0		89283	7.0	89170	7.0	53023	6.0	53496		6.0	53688	6.0		53098	6.0		
27 mar  man			88056	8.0		91972	9.0		54762	3.0			54893			4.0		89292	9.0	89179	9.0	53028	5.0	53501		5.0	53693	5.0		53103	5.0		
28 mar  tir			88065	9.0		91981	9.0		54770	8.0			54900			7.0		89301	9.0	89188	9.0	53033	5.0	53505		4.0	53698	5.0		53107	4.0		
29 mar  ons			88075	10.0		91990	9.0		54778	8.0			54908			8.0		89311	10.0	89198	10.0	53038	5.0	53509		4.0	53703	5.0		53111	4.0		
30 mar  tor			88083	8.0		91998	8.0		54785	7.0			54916			8.0		89319	8.0	89206	8.0	53041	3.0	53512		3.0	53706	3.0		53115	4.0		
31 mar  fre			88090	7.0		92005	7.0		54791	6.0			54923			7.0		89326	7.0	89213	7.0	53044	3.0	53517		5.0	53708	2.0		53119	4.0		
01 apr  lør			88097	7.0		92012	7.0		54797	6.0			54928			5.0		89333	7.0	89220	7.0	53049	5.0	53522		5.0	53713	5.0		53124	5.0		
02 apr  søn			88103	6.0		92019	7.0		54801	4.0			54933			5.0		89339	6.0	89227	7.0	53054	5.0	53527		5.0	53718	5.0		53130	6.0		
03 apr  man			88111	8.0		92027	8.0		54808	7.0			54940			7.0		89347	8.0	89235	8.0	53059	5.0	53532		5.0	53723	5.0		53134	4.0		
04 apr  tir			88122	11.0		92038	11.0		54819	11.0			54950			10.0		89358	11.0	89245	10.0	53063	4.0	53535		3.0	53728	5.0		53138	4.0		
05 apr  ons			88132	10.0		92048	10.0		54828	9.0			54960			10.0		89368	10.0	89256	11.0	53068	5.0	53539		4.0	53733	5.0		53141	3.0		
06 apr  tor			88142	10.0		92058	10.0		54835	7.0			54968			8.0		89378	10.0	89266	10.0	53072	4.0	53543		4.0	53736	3.0		53145	4.0		
07 apr  fre			88149	7.0		92065	7.0		54842	7.0			54975			7.0		89385	7.0	89273	7.0	53076	4.0	53547		4.0	53741	5.0		53149	4.0		
08 apr  lør			88156	7.0		92072	7.0		54848	6.0			54981			6.0		89392	7.0	89280	7.0	53081	5.0	53552		5.0	53746	5.0		53154	5.0		
09 apr  søn			88162	6.0		92078	6.0		54853	5.0			54986			5.0		89398	6.0	89286	6.0	53087	6.0	53557		5.0	53752	6.0		53159	5.0		
10 apr  man			88170	8.0		92086	8.0		54859	6.0			54993			7.0		89406	8.0	89294	8.0	53090	3.0	53563		6.0	53755	3.0		53165	6.0		
11 apr  tir			88180	10.0		92096	10.0		54866	7.0			55000			7.0		89416	10.0	89304	10.0	53093	3.0	53567		4.0	53758	3.0		53169	4.0		
12 apr  ons			88185	5.0		92101	5.0		54870	4.0			55004			4.0		89421	5.0	89309	5.0	53100	7.0	53572		5.0	53764	6.0		53175	6.0		
13 apr  tor			88191	6.0		92107	6.0		54874	4.0			55008			4.0		89427	6.0	89315	6.0	53106	6.0	53579		7.0	53770	6.0		53181	6.0		
14 apr  fre			88196	5.0		92113	6.0		54877	3.0			55012			4.0		89432	5.0	89320	5.0	53112	6.0	53585		6.0	53777	7.0		53187	6.0		
15 apr  lør			88200	4.0		92116	3.0		54880	3.0			55015			3.0		89435	3.0	89324	4.0	53120	8.0	53592		7.0	53785	8.0		53194	7.0		
16 apr  søn			88203	3.0		92120	4.0		54883	3.0			55018			3.0		89439	4.0	89328	4.0	53127	7.0	53599		7.0	53792	7.0		53201	7.0		
17 apr  man			88209	6.0		92125	5.0		54887	4.0			55021			3.0		89445	6.0	89333	5.0	53134	7.0	53606		7.0	53798	6.0		53208	7.0		
18 apr  tir			88217	8.0		92133	8.0		54890	3.0			55025			4.0		89453	8.0	89341	8.0	53139	5.0	53611		5.0	53804	6.0		53213	5.0		
19 apr  ons			88224	7.0		92141	8.0		54893	3.0			55028			3.0		89460	7.0	89348	7.0	53145	6.0	53616		5.0	53809	5.0		53218	5.0		
20 apr  tor			88232	8.0		92149	8.0		54899	5.0			55034			6.0		89468	8.0	89357	9.0	53148	3.0	53621		5.0	53813	4.0		53223	5.0		
21 apr  fre			88241	9.0		92157	8.0		54905	6.0			55040			6.0		89476	8.0	89365	8.0	53152	4.0	53626		5.0	53817	4.0		53228	5.0		
22 apr  lør			88247	6.0		92164	7.0		54909	4.0			55044			4.0		89483	6.0	89372	7.0	53159	7.0	53630		4.0	53822	5.0		53233	5.0		
23 apr  søn			88254	7.0		92170	6.0		54912	3.0			55048			4.0		89490	7.0	89378	6.0	53171	12.0	53630		0.0	53828	6.0		53240	7.0		
24 apr  man			88269	15.0		92186	16.0		54927	15.0			55062			14.0		89505	15.0	89394	16.0	53175	4.0	53630		0.0	53830	2.0		53242	2.0		
25 apr  tir			88282	13.0		92199	13.0		54935	8.0			55071			9.0		89518	13.0	89407	13.0	53181	6.0	53630		0.0	53834	4.0		53244	2.0		
26 apr  ons			88296	14.0		92212	13.0		54941	6.0			55079			8.0		89532	14.0	89420	13.0	53187	6.0	53630		0.0	53837	3.0		53247	3.0		
27 apr  tor			88305	9.0		92222	10.0		54950	9.0			55088			9.0		89541	9.0	89430	10.0	53189	2.0	53630		0.0	53839	2.0		53252	5.0		
28 apr  fre			88311	6.0		92228	6.0		54955	5.0			55093			5.0		89547	6.0	89435	5.0	53191	2.0	53630		0.0	53841	2.0		53258	6.0		
29 apr  lør			88316	5.0		92233	5.0		54959	4.0			55098			5.0		89552	5.0	89441	6.0	53195	4.0	53630		0.0	53845	4.0		53263	5.0		
30 apr  søn			88323	7.0		92240	7.0		54963	4.0			55102			4.0		89559	7.0	89447	6.0	53200	5.0	53630		0.0	53850	5.0		53269	6.0		
Antal			486	486		486	486		486	486			486			486		486	486	486	486	486	486	486		486	486	486		486	486		
Total				3727.0			3703.0			2015.0						2032.0			3644.0		3633.0		2359.0			2220.0		2464.0			2473.0		
Gennemsnit				7.7			7.6			4.1						4.2			7.5		7.5		4.9			4.6		5.1			4.0		
																																	
																																	
		Historian Guide																															
A		Tag Configuration			Tag EGU			Tag Compression				Tag Data																					
																																	
